  2.000000000000000E-003  2.000000000000000E-003 -0.210145886762688     
  2.000000000000000E-003  0.305720416666667      -0.218137110862570     
  2.000000000000000E-003  0.609440833333333      -0.221744387953246     
  2.000000000000000E-003  0.913161250000000      -0.223787391567315     
  2.000000000000000E-003   1.21688166666667      -0.226331631379331     
  2.000000000000000E-003   1.52060208333333      -0.229723281824306     
  2.000000000000000E-003   1.82432250000000      -0.234038754272006     
  2.000000000000000E-003   2.12804291666667      -0.239542353705150     
  2.000000000000000E-003   2.43176333333333      -0.246808119121447     
  2.000000000000000E-003   2.73548375000000      -0.256163619255147     
  2.000000000000000E-003   3.03920416666667      -0.266499489877610     
  2.000000000000000E-003   3.34292458333333      -0.274094475209174     
  2.000000000000000E-003   3.64664500000000      -0.276294306868704     
  2.000000000000000E-003   3.95036541666667      -0.274068932060024     
  2.000000000000000E-003   4.25408583333333      -0.266457970342538     
  2.000000000000000E-003   4.55780625000000      -0.256126065179420     
  2.000000000000000E-003   4.86152666666667      -0.246779940262813     
  2.000000000000000E-003   5.16524708333333      -0.239521293224375     
  2.000000000000000E-003   5.46896750000000      -0.234019633526993     
  2.000000000000000E-003   5.77268791666667      -0.229700412078429     
  2.000000000000000E-003   6.07640833333333      -0.226296846595745     
  2.000000000000000E-003   6.38012875000000      -0.223728903647534     
  2.000000000000000E-003   6.68384916666667      -0.221653674987685     
  2.000000000000000E-003   6.98756958333333      -0.218047092514310     
  2.000000000000000E-003   7.29129000000000      -0.210101044363366     
  0.305720416666667       2.000000000000000E-003 -0.218137516425246     
  0.305720416666667       0.305720416666667      -0.223244091115365     
  0.305720416666667       0.609440833333333      -0.228391150945623     
  0.305720416666667       0.913161250000000      -0.232872175184041     
  0.305720416666667        1.21688166666667      -0.237008055801516     
  0.305720416666667        1.52060208333333      -0.241542693495346     
  0.305720416666667        1.82432250000000      -0.246841344603037     
  0.305720416666667        2.12804291666667      -0.253243749754187     
  0.305720416666667        2.43176333333333      -0.261127382480597     
  0.305720416666667        2.73548375000000      -0.270536053199090     
  0.305720416666667        3.03920416666667      -0.280451332465298     
  0.305720416666667        3.34292458333333      -0.288265749794119     
  0.305720416666667        3.64664500000000      -0.291447307806097     
  0.305720416666667        3.95036541666667      -0.287969327486332     
  0.305720416666667        4.25408583333333      -0.280153804165207     
  0.305720416666667        4.55780625000000      -0.270328395326834     
  0.305720416666667        4.86152666666667      -0.261000171168155     
  0.305720416666667        5.16524708333333      -0.253164383027789     
  0.305720416666667        5.46896750000000      -0.246783343865120     
  0.305720416666667        5.77268791666667      -0.241487206651529     
  0.305720416666667        6.07640833333333      -0.236928241412124     
  0.305720416666667        6.38012875000000      -0.232720114831865     
  0.305720416666667        6.68384916666667      -0.228102147327984     
  0.305720416666667        6.98756958333333      -0.222874485387575     
  0.305720416666667        7.29129000000000      -0.218047783760978     
  0.609440833333333       2.000000000000000E-003 -0.221744993972332     
  0.609440833333333       0.305720416666667      -0.228391642434052     
  0.609440833333333       0.609440833333333      -0.235213040553955     
  0.609440833333333       0.913161250000000      -0.241692326215793     
  0.609440833333333        1.21688166666667      -0.247708678278656     
  0.609440833333333        1.52060208333333      -0.253884696536570     
  0.609440833333333        1.82432250000000      -0.260665071001032     
  0.609440833333333        2.12804291666667      -0.268449258723911     
  0.609440833333333        2.43176333333333      -0.277517990916689     
  0.609440833333333        2.73548375000000      -0.287574968576585     
  0.609440833333333        3.03920416666667      -0.297687839644283     
  0.609440833333333        3.34292458333333      -0.305471732163643     
  0.609440833333333        3.64664500000000      -0.308351977272930     
  0.609440833333333        3.95036541666667      -0.305194251815746     
  0.609440833333333        4.25408583333333      -0.297353151107451     
  0.609440833333333        4.55780625000000      -0.287312581552699     
  0.609440833333333        4.86152666666667      -0.277345706728949     
  0.609440833333333        5.16524708333333      -0.268332616731055     
  0.609440833333333        5.46896750000000      -0.260579629524268     
  0.609440833333333        5.77268791666667      -0.253809351093640     
  0.609440833333333        6.07640833333333      -0.247614380152257     
  0.609440833333333        6.38012875000000      -0.241535901970779     
  0.609440833333333        6.68384916666667      -0.234956978333356     
  0.609440833333333        6.98756958333333      -0.228102701910764     
  0.609440833333333        7.29129000000000      -0.221654836702670     
  0.913161250000000       2.000000000000000E-003 -0.223787912306655     
  0.913161250000000       0.305720416666667      -0.232872662000733     
  0.913161250000000       0.609440833333333      -0.241692547645886     
  0.913161250000000       0.913161250000000      -0.250147010364614     
  0.913161250000000        1.21688166666667      -0.258317086362699     
  0.913161250000000        1.52060208333333      -0.266590563247825     
  0.913161250000000        1.82432250000000      -0.275371488376436     
  0.913161250000000        2.12804291666667      -0.285056944349018     
  0.913161250000000        2.43176333333333      -0.295696148330109     
  0.913161250000000        2.73548375000000      -0.306838923077768     
  0.913161250000000        3.03920416666667      -0.317634545379372     
  0.913161250000000        3.34292458333333      -0.325697776607282     
  0.913161250000000        3.64664500000000      -0.328636901419711     
  0.913161250000000        3.95036541666667      -0.325514519287187     
  0.913161250000000        4.25408583333333      -0.317381842611481     
  0.913161250000000        4.55780625000000      -0.306615891590227     
  0.913161250000000        4.86152666666667      -0.295525561477599     
  0.913161250000000        5.16524708333333      -0.284928227452637     
  0.913161250000000        5.46896750000000      -0.275273357803478     
  0.913161250000000        5.77268791666667      -0.266507654445528     
  0.913161250000000        6.07640833333333      -0.258228666537393     
  0.913161250000000        6.38012875000000      -0.250029380140546     
  0.913161250000000        6.68384916666667      -0.241536088883834     
  0.913161250000000        6.98756958333333      -0.232720686981720     
  0.913161250000000        7.29129000000000      -0.223729840757890     
   1.21688166666667       2.000000000000000E-003 -0.226332037657873     
   1.21688166666667       0.305720416666667      -0.237008436249077     
   1.21688166666667       0.609440833333333      -0.247708928273836     
   1.21688166666667       0.913161250000000      -0.258317192244338     
   1.21688166666667        1.21688166666667      -0.268860295326706     
   1.21688166666667        1.52060208333333      -0.279561694662145     
   1.21688166666667        1.82432250000000      -0.290707309257200     
   1.21688166666667        2.12804291666667      -0.302647601682486     
   1.21688166666667        2.43176333333333      -0.315135914418993     
   1.21688166666667        2.73548375000000      -0.327369584827471     
   1.21688166666667        3.03920416666667      -0.338324250820368     
   1.21688166666667        3.34292458333333      -0.346430309680605     
   1.21688166666667        3.64664500000000      -0.349398273502855     
   1.21688166666667        3.95036541666667      -0.346323282780005     
   1.21688166666667        4.25408583333333      -0.338162828375197     
   1.21688166666667        4.55780625000000      -0.327203095230494     
   1.21688166666667        4.86152666666667      -0.314988101580086     
   1.21688166666667        5.16524708333333      -0.302525025176235     
   1.21688166666667        5.46896750000000      -0.290607625352224     
   1.21688166666667        5.77268791666667      -0.279476634450319     
   1.21688166666667        6.07640833333333      -0.268778402776382     
   1.21688166666667        6.38012875000000      -0.258228726636666     
   1.21688166666667        6.68384916666667      -0.247614583803549     
   1.21688166666667        6.98756958333333      -0.236928678331739     
   1.21688166666667        7.29129000000000      -0.226297518389381     
   1.52060208333333       2.000000000000000E-003 -0.229723560587343     
   1.52060208333333       0.305720416666667      -0.241542954514062     
   1.52060208333333       0.609440833333333      -0.253884906287912     
   1.52060208333333       0.913161250000000      -0.266590706186129     
   1.52060208333333        1.21688166666667      -0.279561769211250     
   1.52060208333333        1.52060208333333      -0.292799208289795     
   1.52060208333333        1.82432250000000      -0.306493273898312     
   1.52060208333333        2.12804291666667      -0.320778837625911     
   1.52060208333333        2.43176333333333      -0.335119672829290     
   1.52060208333333        2.73548375000000      -0.348599649727226     
   1.52060208333333        3.03920416666667      -0.359969514719167     
   1.52060208333333        3.34292458333333      -0.367729593027810     
   1.52060208333333        3.64664500000000      -0.370492015870543     
   1.52060208333333        3.95036541666667      -0.367665956871427     
   1.52060208333333        4.25408583333333      -0.359863369823936     
   1.52060208333333        4.55780625000000      -0.348477468029856     
   1.52060208333333        4.86152666666667      -0.335000408168053     
   1.52060208333333        5.16524708333333      -0.320671004051331     
   1.52060208333333        5.46896750000000      -0.306397114190994     
   1.52060208333333        5.77268791666667      -0.292710806128921     
   1.52060208333333        6.07640833333333      -0.279476636518618     
   1.52060208333333        6.38012875000000      -0.266507706964751     
   1.52060208333333        6.68384916666667      -0.253809510020737     
   1.52060208333333        6.98756958333333      -0.241487512544580     
   1.52060208333333        7.29129000000000      -0.229700890554863     
   1.82432250000000       2.000000000000000E-003 -0.234038854976526     
   1.82432250000000       0.305720416666667      -0.246841457800081     
   1.82432250000000       0.609440833333333      -0.260665206181131     
   1.82432250000000       0.913161250000000      -0.275371636944426     
   1.82432250000000        1.21688166666667      -0.290707445783379     
   1.82432250000000        1.52060208333333      -0.306493361542589     
   1.82432250000000        1.82432250000000      -0.322678609412547     
   1.82432250000000        2.12804291666667      -0.338983607960408     
   1.82432250000000        2.43176333333333      -0.354857371366911     
   1.82432250000000        2.73548375000000      -0.369415840153501     
   1.82432250000000        3.03920416666667      -0.381408295782744     
   1.82432250000000        3.34292458333333      -0.389399603636309     
   1.82432250000000        3.64664500000000      -0.392203307667443     
   1.82432250000000        3.95036541666667      -0.389358931399367     
   1.82432250000000        4.25408583333333      -0.381337224033782     
   1.82432250000000        4.55780625000000      -0.369328616081460     
   1.82432250000000        4.86152666666667      -0.354765237830292     
   1.82432250000000        5.16524708333333      -0.338891435462260     
   1.82432250000000        5.46896750000000      -0.322585750925739     
   1.82432250000000        5.77268791666667      -0.306397083131259     
   1.82432250000000        6.07640833333333      -0.290607602811874     
   1.82432250000000        6.38012875000000      -0.275273365370223     
   1.82432250000000        6.68384916666667      -0.260579702765356     
   1.82432250000000        6.98756958333333      -0.246783531795186     
   1.82432250000000        7.29129000000000      -0.234019958319296     
   2.12804291666667       2.000000000000000E-003 -0.239542190598795     
   2.12804291666667       0.305720416666667      -0.253243659979411     
   2.12804291666667       0.609440833333333      -0.268449288579934     
   2.12804291666667       0.913161250000000      -0.285057081557376     
   2.12804291666667        1.21688166666667      -0.302647798495053     
   2.12804291666667        1.52060208333333      -0.320779028841330     
   2.12804291666667        1.82432250000000      -0.338983728060551     
   2.12804291666667        2.12804291666667      -0.356801545730370     
   2.12804291666667        2.43176333333333      -0.373708714922997     
   2.12804291666667        2.73548375000000      -0.388930148963422     
   2.12804291666667        3.03920416666667      -0.401314623002407     
   2.12804291666667        3.34292458333333      -0.409496213846550     
   2.12804291666667        3.64664500000000      -0.412356401607188     
   2.12804291666667        3.95036541666667      -0.409470638832750     
   2.12804291666667        4.25408583333333      -0.401268363663980     
   2.12804291666667        4.55780625000000      -0.388869786645487     
   2.12804291666667        4.86152666666667      -0.373638651419326     
   2.12804291666667        5.16524708333333      -0.356721866796354     
   2.12804291666667        5.46896750000000      -0.338891383452277     
   2.12804291666667        5.77268791666667      -0.320670904349410     
   2.12804291666667        6.07640833333333      -0.302524905541695     
   2.12804291666667        6.38012875000000      -0.284928125653112     
   2.12804291666667        6.68384916666667      -0.268332566116170     
   2.12804291666667        6.98756958333333      -0.253164425158835     
   2.12804291666667        7.29129000000000      -0.239521455560916     
   2.43176333333333       2.000000000000000E-003 -0.246807553015918     
   2.43176333333333       0.305720416666667      -0.261127004773338     
   2.43176333333333       0.609440833333333      -0.277517892156984     
   2.43176333333333       0.913161250000000      -0.295696280082585     
   2.43176333333333        1.21688166666667      -0.315136182049222     
   2.43176333333333        1.52060208333333      -0.335119977345347     
   2.43176333333333        1.82432250000000      -0.354857625267579     
   2.43176333333333        2.12804291666667      -0.373708855801811     
   2.43176333333333        2.43176333333333      -0.391165883930688     
   2.43176333333333        2.73548375000000      -0.406598908500298     
   2.43176333333333        3.03920416666667      -0.419026124756496     
   2.43176333333333        3.34292458333333      -0.427196657151445     
   2.43176333333333        3.64664500000000      -0.430050102186151     
   2.43176333333333        3.95036541666667      -0.427181379875877     
   2.43176333333333        4.25408583333333      -0.418997240060735     
   2.43176333333333        4.55780625000000      -0.406557975306700     
   2.43176333333333        4.86152666666667      -0.391112153555353     
   2.43176333333333        5.16524708333333      -0.373638566906473     
   2.43176333333333        5.46896750000000      -0.354765108206581     
   2.43176333333333        5.77268791666667      -0.335000238414378     
   2.43176333333333        6.07640833333333      -0.314987874511598     
   2.43176333333333        6.38012875000000      -0.295525312632630     
   2.43176333333333        6.68384916666667      -0.277345470331067     
   2.43176333333333        6.98756958333333      -0.261000037651695     
   2.43176333333333        7.29129000000000      -0.246779939750790     
   2.73548375000000       2.000000000000000E-003 -0.256162696162559     
   2.73548375000000       0.305720416666667      -0.270535471037389     
   2.73548375000000       0.609440833333333      -0.287574805284399     
   2.73548375000000       0.913161250000000      -0.306839079625428     
   2.73548375000000        1.21688166666667      -0.327369932797417     
   2.73548375000000        1.52060208333333      -0.348600061833558     
   2.73548375000000        1.82432250000000      -0.369416216576239     
   2.73548375000000        2.12804291666667      -0.388930420079450     
   2.73548375000000        2.43176333333333      -0.406599041847810     
   2.73548375000000        2.73548375000000      -0.421925695203716     
   2.73548375000000        3.03920416666667      -0.434140733801860     
   2.73548375000000        3.34292458333333      -0.442160672478990     
   2.73548375000000        3.64664500000000      -0.444969692698619     
   2.73548375000000        3.95036541666667      -0.442152076068195     
   2.73548375000000        4.25408583333333      -0.434123366838724     
   2.73548375000000        4.55780625000000      -0.421898198989047     
   2.73548375000000        4.86152666666667      -0.406557910566956     
   2.73548375000000        5.16524708333333      -0.388869648884391     
   2.73548375000000        5.46896750000000      -0.369328415052394     
   2.73548375000000        5.77268791666667      -0.348477217616602     
   2.73548375000000        6.07640833333333      -0.327202755099326     
   2.73548375000000        6.38012875000000      -0.306615433948546     
   2.73548375000000        6.68384916666667      -0.287312141812353     
   2.73548375000000        6.98756958333333      -0.270328084728972     
   2.73548375000000        7.29129000000000      -0.256125920241717     
   3.03920416666667       2.000000000000000E-003 -0.266498495844777     
   3.03920416666667       0.305720416666667      -0.280450756969296     
   3.03920416666667       0.609440833333333      -0.297687757290940     
   3.03920416666667       0.913161250000000      -0.317634803700669     
   3.03920416666667        1.21688166666667      -0.338324680669658     
   3.03920416666667        1.52060208333333      -0.359970008550354     
   3.03920416666667        1.82432250000000      -0.381408758769981     
   3.03920416666667        2.12804291666667      -0.401314986750505     
   3.03920416666667        2.43176333333333      -0.419026355796494     
   3.03920416666667        2.73548375000000      -0.434140834411942     
   3.03920416666667        3.03920416666667      -0.446105270335936     
   3.03920416666667        3.34292458333333      -0.454007930618762     
   3.03920416666667        3.64664500000000      -0.456804889631640     
   3.03920416666667        3.95036541666667      -0.454003401084549     
   3.03920416666667        4.25408583333333      -0.446095330167837     
   3.03920416666667        4.55780625000000      -0.434123247103410     
   3.03920416666667        4.86152666666667      -0.418997089590016     
   3.03920416666667        5.16524708333333      -0.401268171748936     
   3.03920416666667        5.46896750000000      -0.381336994939844     
   3.03920416666667        5.77268791666667      -0.359863033011229     
   3.03920416666667        6.07640833333333      -0.338162329457169     
   3.03920416666667        6.38012875000000      -0.317381179659777     
   3.03920416666667        6.68384916666667      -0.297352480481213     
   3.03920416666667        6.98756958333333      -0.280153190213078     
   3.03920416666667        7.29129000000000      -0.266457592146918     
   3.34292458333333       2.000000000000000E-003 -0.274093969850256     
   3.34292458333333       0.305720416666667      -0.288265509304335     
   3.34292458333333       0.609440833333333      -0.305471813011897     
   3.34292458333333       0.913161250000000      -0.325698132858403     
   3.34292458333333        1.21688166666667      -0.346430794914368     
   3.34292458333333        1.52060208333333      -0.367730119847600     
   3.34292458333333        1.82432250000000      -0.389400097406814     
   3.34292458333333        2.12804291666667      -0.409496614492064     
   3.34292458333333        2.43176333333333      -0.427196933326486     
   3.34292458333333        2.73548375000000      -0.442160825191771     
   3.34292458333333        3.03920416666667      -0.454007986761564     
   3.34292458333333        3.34292458333333      -0.461946141545014     
   3.34292458333333        3.64664500000000      -0.464807792394160     
   3.34292458333333        3.95036541666667      -0.461944130279401     
   3.34292458333333        4.25408583333333      -0.454003316536158     
   3.34292458333333        4.55780625000000      -0.442151879709577     
   3.34292458333333        4.86152666666667      -0.427181150711952     
   3.34292458333333        5.16524708333333      -0.409470414811250     
   3.34292458333333        5.46896750000000      -0.389358667237045     
   3.34292458333333        5.77268791666667      -0.367665595388417     
   3.34292458333333        6.07640833333333      -0.346322653050004     
   3.34292458333333        6.38012875000000      -0.325513707645091     
   3.34292458333333        6.68384916666667      -0.305193297522055     
   3.34292458333333        6.98756958333333      -0.287968265903747     
   3.34292458333333        7.29129000000000      -0.274068192200689     
   3.64664500000000       2.000000000000000E-003 -0.276294466296178     
   3.64664500000000       0.305720416666667      -0.291447509926838     
   3.64664500000000       0.609440833333333      -0.308352240062736     
   3.64664500000000       0.913161250000000      -0.328637297213367     
   3.64664500000000        1.21688166666667      -0.349398746505105     
   3.64664500000000        1.52060208333333      -0.370492509262456     
   3.64664500000000        1.82432250000000      -0.392203765789898     
   3.64664500000000        2.12804291666667      -0.412356775800058     
   3.64664500000000        2.43176333333333      -0.430050365298805     
   3.64664500000000        2.73548375000000      -0.444969845142394     
   3.64664500000000        3.03920416666667      -0.456804955218389     
   3.64664500000000        3.34292458333333      -0.464807807170511     
   3.64664500000000        3.64664500000000      -0.467726616104048     
   3.64664500000000        3.95036541666667      -0.464807695544735     
   3.64664500000000        4.25408583333333      -0.456804711940351     
   3.64664500000000        4.55780625000000      -0.444969441969828     
   3.64664500000000        4.86152666666667      -0.430049826355738     
   3.64664500000000        5.16524708333333      -0.412356146895053     
   3.64664500000000        5.46896750000000      -0.392203068246024     
   3.64664500000000        5.77268791666667      -0.370491712244019     
   3.64664500000000        6.07640833333333      -0.349397718288252     
   3.64664500000000        6.38012875000000      -0.328636090578427     
   3.64664500000000        6.68384916666667      -0.308350854261711     
   3.64664500000000        6.98756958333333      -0.291446053577255     
   3.64664500000000        7.29129000000000      -0.276293308716569     
   3.95036541666667       2.000000000000000E-003 -0.274069662219247     
   3.95036541666667       0.305720416666667      -0.287969828813547     
   3.95036541666667       0.609440833333333      -0.305194659972252     
   3.95036541666667       0.913161250000000      -0.325514911692102     
   3.95036541666667        1.21688166666667      -0.346323674835784     
   3.95036541666667        1.52060208333333      -0.367666351256160     
   3.95036541666667        1.82432250000000      -0.389359290232482     
   3.95036541666667        2.12804291666667      -0.409470926942774     
   3.95036541666667        2.43176333333333      -0.427181576253815     
   3.95036541666667        2.73548375000000      -0.442152181629450     
   3.95036541666667        3.03920416666667      -0.454003436633853     
   3.95036541666667        3.34292458333333      -0.461944126834358     
   3.95036541666667        3.64664500000000      -0.464807683116035     
   3.95036541666667        3.95036541666667      -0.461945956457479     
   3.95036541666667        4.25408583333333      -0.454007683079219     
   3.95036541666667        4.55780625000000      -0.442160380521322     
   3.95036541666667        4.86152666666667      -0.427196410753243     
   3.95036541666667        5.16524708333333      -0.409496020390042     
   3.95036541666667        5.46896750000000      -0.389399446148328     
   3.95036541666667        5.77268791666667      -0.367729376912215     
   3.95036541666667        6.07640833333333      -0.346429865658108     
   3.95036541666667        6.38012875000000      -0.325697079942627     
   3.95036541666667        6.68384916666667      -0.305470686618151     
   3.95036541666667        6.98756958333333      -0.288264363482599     
   3.95036541666667        7.29129000000000      -0.274092942803178     
   4.25408583333333       2.000000000000000E-003 -0.266459098759850     
   4.25408583333333       0.305720416666667      -0.280154585981147     
   4.25408583333333       0.609440833333333      -0.297353660430797     
   4.25408583333333       0.913161250000000      -0.317382181552874     
   4.25408583333333        1.21688166666667      -0.338163102632057     
   4.25408583333333        1.52060208333333      -0.359863619456951     
   4.25408583333333        1.82432250000000      -0.381337437221382     
   4.25408583333333        2.12804291666667      -0.401268521518110     
   4.25408583333333        2.43176333333333      -0.418997330337915     
   4.25408583333333        2.73548375000000      -0.434123392926624     
   4.25408583333333        3.03920416666667      -0.446095310400296     
   4.25408583333333        3.34292458333333      -0.454003275993445     
   4.25408583333333        3.64664500000000      -0.456804673059911     
   4.25408583333333        3.95036541666667      -0.454007660372158     
   4.25408583333333        4.25408583333333      -0.446104929502169     
   4.25408583333333        4.55780625000000      -0.434140406640557     
   4.25408583333333        4.86152666666667      -0.419025884273828     
   4.25408583333333        5.16524708333333      -0.401314455342555     
   4.25408583333333        5.46896750000000      -0.381408228741480     
   4.25408583333333        5.77268791666667      -0.359969383140200     
   4.25408583333333        6.07640833333333      -0.338324001090988     
   4.25408583333333        6.38012875000000      -0.317634046381623     
   4.25408583333333        6.68384916666667      -0.297686960010881     
   4.25408583333333        6.98756958333333      -0.280450003916603     
   4.25408583333333        7.29129000000000      -0.266497897386033     
   4.55780625000000       2.000000000000000E-003 -0.256127132075492     
   4.55780625000000       0.305720416666667      -0.270329165752170     
   4.55780625000000       0.609440833333333      -0.287313032235084     
   4.55780625000000       0.913161250000000      -0.306616123614643     
   4.55780625000000        1.21688166666667      -0.327203234733389     
   4.55780625000000        1.52060208333333      -0.348477556628392     
   4.55780625000000        1.82432250000000      -0.369328665792223     
   4.55780625000000        2.12804291666667      -0.388869796087465     
   4.55780625000000        2.43176333333333      -0.406557943833408     
   4.55780625000000        2.73548375000000      -0.421898134924351     
   4.55780625000000        3.03920416666667      -0.434123166961519     
   4.55780625000000        3.34292458333333      -0.442151801243410     
   4.55780625000000        3.64664500000000      -0.444969377568117     
   4.55780625000000        3.95036541666667      -0.442160335630429     
   4.55780625000000        4.25408583333333      -0.434140383052774     
   4.55780625000000        4.55780625000000      -0.421925327917525     
   4.55780625000000        4.86152666666667      -0.406598680864600     
   4.55780625000000        5.16524708333333      -0.388930033970412     
   4.55780625000000        5.46896750000000      -0.369415796219299     
   4.55780625000000        5.77268791666667      -0.348599626137118     
   4.55780625000000        6.07640833333333      -0.327369476477431     
   4.55780625000000        6.38012875000000      -0.306838604496551     
   4.55780625000000        6.68384916666667      -0.287574340742131     
   4.55780625000000        6.98756958333333      -0.270535072215144     
   4.55780625000000        7.29129000000000      -0.256162410147507     
   4.86152666666667       2.000000000000000E-003 -0.246780766924081     
   4.86152666666667       0.305720416666667      -0.261000752970689     
   4.86152666666667       0.609440833333333      -0.277346031762480     
   4.86152666666667       0.913161250000000      -0.295525695714217     
   4.86152666666667        1.21688166666667      -0.314988115545665     
   4.86152666666667        1.52060208333333      -0.335000351668495     
   4.86152666666667        1.82432250000000      -0.354765139290587     
   4.86152666666667        2.12804291666667      -0.373638526573116     
   4.86152666666667        2.43176333333333      -0.391112015435650     
   4.86152666666667        2.73548375000000      -0.406557774240610     
   4.86152666666667        3.03920416666667      -0.418996969558061     
   4.86152666666667        3.34292458333333      -0.427181055003891     
   4.86152666666667        3.64664500000000      -0.430049753878420     
   4.86152666666667        3.95036541666667      -0.427196355057019     
   4.86152666666667        4.25408583333333      -0.419025841149442     
   4.86152666666667        4.55780625000000      -0.406598653972226     
   4.86152666666667        4.86152666666667      -0.391165595316345     
   4.86152666666667        5.16524708333333      -0.373708567895544     
   4.86152666666667        5.46896750000000      -0.354857353366077     
   4.86152666666667        5.77268791666667      -0.335119680316669     
   4.86152666666667        6.07640833333333      -0.315135897931933     
   4.86152666666667        6.38012875000000      -0.295696028347234     
   4.86152666666667        6.68384916666667      -0.277517658594094     
   4.86152666666667        6.98756958333333      -0.261126818052850     
   4.86152666666667        7.29129000000000      -0.246807433629111     
   5.16524708333333       2.000000000000000E-003 -0.239521967088288     
   5.16524708333333       0.305720416666667      -0.253164862365817     
   5.16524708333333       0.609440833333333      -0.268332874847042     
   5.16524708333333       0.913161250000000      -0.284928289818547     
   5.16524708333333        1.21688166666667      -0.302524948332959     
   5.16524708333333        1.52060208333333      -0.320670842729781     
   5.16524708333333        1.82432250000000      -0.338891231473804     
   5.16524708333333        2.12804291666667      -0.356721652220443     
   5.16524708333333        2.43176333333333      -0.373638368896072     
   5.16524708333333        2.73548375000000      -0.388869489131385     
   5.16524708333333        3.03920416666667      -0.401268060689473     
   5.16524708333333        3.34292458333333      -0.409470346691890     
   5.16524708333333        3.64664500000000      -0.412356102473130     
   5.16524708333333        3.95036541666667      -0.409495978084492     
   5.16524708333333        4.25408583333333      -0.401314404233507     
   5.16524708333333        4.55780625000000      -0.388929980151515     
   5.16524708333333        4.86152666666667      -0.373708530479136     
   5.16524708333333        5.16524708333333      -0.356801337210616     
   5.16524708333333        5.46896750000000      -0.338983557284174     
   5.16524708333333        5.77268791666667      -0.320778853251265     
   5.16524708333333        6.07640833333333      -0.302647633259102     
   5.16524708333333        6.38012875000000      -0.285056948397002     
   5.16524708333333        6.68384916666667      -0.268449204316652     
   5.16524708333333        6.98756958333333      -0.253243617610786     
   5.16524708333333        7.29129000000000      -0.239542174884523     
   5.46896750000000       2.000000000000000E-003 -0.234020235147006     
   5.46896750000000       0.305720416666667      -0.246783764004871     
   5.46896750000000       0.609440833333333      -0.260579836570250     
   5.46896750000000       0.913161250000000      -0.275273371472252     
   5.46896750000000        1.21688166666667      -0.290607492423189     
   5.46896750000000        1.52060208333333      -0.306396892176489     
   5.46896750000000        1.82432250000000      -0.322585495966836     
   5.46896750000000        2.12804291666667      -0.338891142418641     
   5.46896750000000        2.43176333333333      -0.354764920553012     
   5.46896750000000        2.73548375000000      -0.369328306811436     
   5.46896750000000        3.03920416666667      -0.381336968529243     
   5.46896750000000        3.34292458333333      -0.389358696785247     
   5.46896750000000        3.64664500000000      -0.392203109151460     
   5.46896750000000        3.95036541666667      -0.389399457207533     
   5.46896750000000        4.25408583333333      -0.381408192639501     
   5.46896750000000        4.55780625000000      -0.369415724710844     
   5.46896750000000        4.86152666666667      -0.354857276793077     
   5.46896750000000        5.16524708333333      -0.338983507971700     
   5.46896750000000        5.46896750000000      -0.322678528087580     
   5.46896750000000        5.77268791666667      -0.306493251151980     
   5.46896750000000        6.07640833333333      -0.290707364048744     
   5.46896750000000        6.38012875000000      -0.275371587740505     
   5.46896750000000        6.68384916666667      -0.260665186648885     
   5.46896750000000        6.98756958333333      -0.246841475353015     
   5.46896750000000        7.29129000000000      -0.234038886255860     
   5.77268791666667       2.000000000000000E-003 -0.229701017356438     
   5.77268791666667       0.305720416666667      -0.241487614288790     
   5.77268791666667       0.609440833333333      -0.253809523238154     
   5.77268791666667       0.913161250000000      -0.266507621723769     
   5.77268791666667        1.21688166666667      -0.279476456387891     
   5.77268791666667        1.52060208333333      -0.292710549550610     
   5.77268791666667        1.82432250000000      -0.306396822240295     
   5.77268791666667        2.12804291666667      -0.320670700176834     
   5.77268791666667        2.43176333333333      -0.335000138880948     
   5.77268791666667        2.73548375000000      -0.348477250812599     
   5.77268791666667        3.03920416666667      -0.359863190006977     
   5.77268791666667        3.34292458333333      -0.367665821084961     
   5.77268791666667        3.64664500000000      -0.370491921908284     
   5.77268791666667        3.95036541666667      -0.367729499637144     
   5.77268791666667        4.25408583333333      -0.359969397565994     
   5.77268791666667        4.55780625000000      -0.348599557942142     
   5.77268791666667        4.86152666666667      -0.335119576183640     
   5.77268791666667        5.16524708333333      -0.320778756761142     
   5.77268791666667        5.46896750000000      -0.306493191722935     
   5.77268791666667        5.77268791666667      -0.292799127596203     
   5.77268791666667        6.07640833333333      -0.279561697669665     
   5.77268791666667        6.38012875000000      -0.266590667199821     
   5.77268791666667        6.68384916666667      -0.253884882503016     
   5.77268791666667        6.98756958333333      -0.241542963456445     
   5.77268791666667        7.29129000000000      -0.229723600769727     
   6.07640833333333       2.000000000000000E-003 -0.226297572764357     
   6.07640833333333       0.305720416666667      -0.236928711637337     
   6.07640833333333       0.609440833333333      -0.247614549155624     
   6.07640833333333       0.913161250000000      -0.258228598748837     
   6.07640833333333        1.21688166666667      -0.268778187800183     
   6.07640833333333        1.52060208333333      -0.279476362075774     
   6.07640833333333        1.82432250000000      -0.290607357696485     
   6.07640833333333        2.12804291666667      -0.302524782770275     
   6.07640833333333        2.43176333333333      -0.314987929656841     
   6.07640833333333        2.73548375000000      -0.327203022426521     
   6.07640833333333        3.03920416666667      -0.338162795545571     
   6.07640833333333        3.34292458333333      -0.346323222498047     
   6.07640833333333        3.64664500000000      -0.349398222925127     
   6.07640833333333        3.95036541666667      -0.346430177630711     
   6.07640833333333        4.25408583333333      -0.338324105720447     
   6.07640833333333        4.55780625000000      -0.327369438440112     
   6.07640833333333        4.86152666666667      -0.315135789036445     
   6.07640833333333        5.16524708333333      -0.302647504127583     
   6.07640833333333        5.46896750000000      -0.290707243400625     
   6.07640833333333        5.77268791666667      -0.279561627690671     
   6.07640833333333        6.07640833333333      -0.268860240065412     
   6.07640833333333        6.38012875000000      -0.258317127098934     
   6.07640833333333        6.68384916666667      -0.247708877502753     
   6.07640833333333        6.98756958333333      -0.237008405807446     
   6.07640833333333        7.29129000000000      -0.226332057539893     
   6.38012875000000       2.000000000000000E-003 -0.223729916160514     
   6.38012875000000       0.305720416666667      -0.232720736513207     
   6.38012875000000       0.609440833333333      -0.241536101547711     
   6.38012875000000       0.913161250000000      -0.250029289487751     
   6.38012875000000        1.21688166666667      -0.258228476628839     
   6.38012875000000        1.52060208333333      -0.266507419651690     
   6.38012875000000        1.82432250000000      -0.275273149680675     
   6.38012875000000        2.12804291666667      -0.284928097812688     
   6.38012875000000        2.43176333333333      -0.295525560310131     
   6.38012875000000        2.73548375000000      -0.306616019568341     
   6.38012875000000        3.03920416666667      -0.317382076734920     
   6.38012875000000        3.34292458333333      -0.325514753388570     
   6.38012875000000        3.64664500000000      -0.328636998559511     
   6.38012875000000        3.95036541666667      -0.325697628753132     
   6.38012875000000        4.25408583333333      -0.317634246191945     
   6.38012875000000        4.55780625000000      -0.306838612035923     
   6.38012875000000        4.86152666666667      -0.295695942579207     
   6.38012875000000        5.16524708333333      -0.285056811424652     
   6.38012875000000        5.46896750000000      -0.275371434911450     
   6.38012875000000        5.77268791666667      -0.266590542427682     
   6.38012875000000        6.07640833333333      -0.258317047829779     
   6.38012875000000        6.38012875000000      -0.250146960403545     
   6.38012875000000        6.68384916666667      -0.241692527000082     
   6.38012875000000        6.98756958333333      -0.232872644480779     
   6.38012875000000        7.29129000000000      -0.223787928390367     
   6.68384916666667       2.000000000000000E-003 -0.221655059403184     
   6.68384916666667       0.305720416666667      -0.228102922743556     
   6.68384916666667       0.609440833333333      -0.234957210933420     
   6.68384916666667       0.913161250000000      -0.241535971140447     
   6.68384916666667        1.21688166666667      -0.247614287950159     
   6.68384916666667        1.52060208333333      -0.253809199193431     
   6.68384916666667        1.82432250000000      -0.260579511237348     
   6.68384916666667        2.12804291666667      -0.268332615937815     
   6.68384916666667        2.43176333333333      -0.277345901304402     
   6.68384916666667        2.73548375000000      -0.287313030503487     
   6.68384916666667        3.03920416666667      -0.297353802328283     
   6.68384916666667        3.34292458333333      -0.305194836179824     
   6.68384916666667        3.64664500000000      -0.308352140945884     
   6.68384916666667        3.95036541666667      -0.305471443845339     
   6.68384916666667        4.25408583333333      -0.297687249573326     
   6.68384916666667        4.55780625000000      -0.287574389643168     
   6.68384916666667        4.86152666666667      -0.277517628008303     
   6.68384916666667        5.16524708333333      -0.268449100618768     
   6.68384916666667        5.46896750000000      -0.260665053345144     
   6.68384916666667        5.77268791666667      -0.253884737337469     
   6.68384916666667        6.07640833333333      -0.247708719448976     
   6.68384916666667        6.38012875000000      -0.241692378977829     
   6.68384916666667        6.68384916666667      -0.235213130038323     
   6.68384916666667        6.98756958333333      -0.228391723548547     
   6.68384916666667        7.29129000000000      -0.221745036705638     
   6.98756958333333       2.000000000000000E-003 -0.218048313171383     
   6.98756958333333       0.305720416666667      -0.222875114765968     
   6.98756958333333       0.609440833333333      -0.228102840085247     
   6.98756958333333       0.913161250000000      -0.232720471516290     
   6.98756958333333        1.21688166666667      -0.236928307362503     
   6.98756958333333        1.52060208333333      -0.241487165464729     
   6.98756958333333        1.82432250000000      -0.246783345018509     
   6.98756958333333        2.12804291666667      -0.253164517899220     
   6.98756958333333        2.43176333333333      -0.261000575191940     
   6.98756958333333        2.73548375000000      -0.270329136412663     
   6.98756958333333        3.03920416666667      -0.280154740731859     
   6.98756958333333        3.34292458333333      -0.287970003406568     
   6.98756958333333        3.64664500000000      -0.291447405762682     
   6.98756958333333        3.95036541666667      -0.288265199827564     
   6.98756958333333        4.25408583333333      -0.280450419979883     
   6.98756958333333        4.55780625000000      -0.270535236679130     
   6.98756958333333        4.86152666666667      -0.261126890472723     
   6.98756958333333        5.16524708333333      -0.253243610057408     
   6.98756958333333        5.46896750000000      -0.246841420795411     
   6.98756958333333        5.77268791666667      -0.241542858283965     
   6.98756958333333        6.07640833333333      -0.237008215436812     
   6.98756958333333        6.38012875000000      -0.232872315084084     
   6.98756958333333        6.68384916666667      -0.228391291787464     
   6.98756958333333        6.98756958333333      -0.223244219030303     
   6.98756958333333        7.29129000000000      -0.218137770224216     
   7.29129000000000       2.000000000000000E-003 -0.210101502246692     
   7.29129000000000       0.305720416666667      -0.218047812797921     
   7.29129000000000       0.609440833333333      -0.221654565707674     
   7.29129000000000       0.913161250000000      -0.223729436088351     
   7.29129000000000        1.21688166666667      -0.226297073540510     
   7.29129000000000        1.52060208333333      -0.229700520781492     
   7.29129000000000        1.82432250000000      -0.234019768915200     
   7.29129000000000        2.12804291666667      -0.239521539892578     
   7.29129000000000        2.43176333333333      -0.246780447992274     
   7.29129000000000        2.73548375000000      -0.256126908654300     
   7.29129000000000        3.03920416666667      -0.266458964501008     
   7.29129000000000        3.34292458333333      -0.274069595204588     
   7.29129000000000        3.64664500000000      -0.276294570105918     
   7.29129000000000        3.95036541666667      -0.274093884880292     
   7.29129000000000        4.25408583333333      -0.266498514005532     
   7.29129000000000        4.55780625000000      -0.256162785054519     
   7.29129000000000        4.86152666666667      -0.246807664878307     
   7.29129000000000        5.16524708333333      -0.239542309378545     
   7.29129000000000        5.46896750000000      -0.234038964812835     
   7.29129000000000        5.77268791666667      -0.229723612407002     
   7.29129000000000        6.07640833333333      -0.226331952717113     
   7.29129000000000        6.38012875000000      -0.223787595657412     
   7.29129000000000        6.68384916666667      -0.221744355196979     
   7.29129000000000        6.98756958333333      -0.218137127230093     
   7.29129000000000        7.29129000000000      -0.210146052167711     
