  2.000000000000000E-003  2.000000000000000E-003 -0.612971422233424     
  2.000000000000000E-003  0.305720416666667      -0.609876781174028     
  2.000000000000000E-003  0.609440833333333      -0.557898049198601     
  2.000000000000000E-003  0.913161250000000      -0.488498212160302     
  2.000000000000000E-003   1.21688166666667      -0.432075624765518     
  2.000000000000000E-003   1.52060208333333      -0.388988786995094     
  2.000000000000000E-003   1.82432250000000      -0.355099237152651     
  2.000000000000000E-003   2.12804291666667      -0.327629752058909     
  2.000000000000000E-003   2.43176333333333      -0.305180283190635     
  2.000000000000000E-003   2.73548375000000      -0.288107229870475     
  2.000000000000000E-003   3.03920416666667      -0.275243836270814     
  2.000000000000000E-003   3.34292458333333      -0.263865890663033     
  2.000000000000000E-003   3.64664500000000      -0.253030173305797     
  2.000000000000000E-003   3.95036541666667      -0.235742358554550     
  2.000000000000000E-003   4.25408583333333      -0.219414741927276     
  2.000000000000000E-003   4.55780625000000      -0.204894416786127     
  2.000000000000000E-003   4.86152666666667      -0.193076571550369     
  2.000000000000000E-003   5.16524708333333      -0.183789184567726     
  2.000000000000000E-003   5.46896750000000      -0.176454588117373     
  2.000000000000000E-003   5.77268791666667      -0.170446199117944     
  2.000000000000000E-003   6.07640833333333      -0.165256959268517     
  2.000000000000000E-003   6.38012875000000      -0.160584292488468     
  2.000000000000000E-003   6.68384916666667      -0.156426461898954     
  2.000000000000000E-003   6.98756958333333      -0.153152872768884     
  2.000000000000000E-003   7.29129000000000      -0.149188177177281     
  0.305720416666667       2.000000000000000E-003 -0.694840507516032     
  0.305720416666667       0.305720416666667      -0.625485495548549     
  0.305720416666667       0.609440833333333      -0.573089111766760     
  0.305720416666667       0.913161250000000      -0.517249143940278     
  0.305720416666667        1.21688166666667      -0.462869129742293     
  0.305720416666667        1.52060208333333      -0.416459604192427     
  0.305720416666667        1.82432250000000      -0.378077698979304     
  0.305720416666667        2.12804291666667      -0.346456330643370     
  0.305720416666667        2.43176333333333      -0.320851175125788     
  0.305720416666667        2.73548375000000      -0.301469126069873     
  0.305720416666667        3.03920416666667      -0.286800005316305     
  0.305720416666667        3.34292458333333      -0.273912698702537     
  0.305720416666667        3.64664500000000      -0.258906408369898     
  0.305720416666667        3.95036541666667      -0.240327274599884     
  0.305720416666667        4.25408583333333      -0.222919545472936     
  0.305720416666667        4.55780625000000      -0.208123937126558     
  0.305720416666667        4.86152666666667      -0.196127158411935     
  0.305720416666667        5.16524708333333      -0.186488240262926     
  0.305720416666667        5.46896750000000      -0.178756653877016     
  0.305720416666667        5.77268791666667      -0.172352486668632     
  0.305720416666667        6.07640833333333      -0.166731224570015     
  0.305720416666667        6.38012875000000      -0.161546679050624     
  0.305720416666667        6.68384916666667      -0.156860571105584     
  0.305720416666667        6.98756958333333      -0.153811566157502     
  0.305720416666667        7.29129000000000      -0.151396433958975     
  0.609440833333333       2.000000000000000E-003 -0.731641840561934     
  0.609440833333333       0.305720416666667      -0.677854533609452     
  0.609440833333333       0.609440833333333      -0.604869420365436     
  0.609440833333333       0.913161250000000      -0.544580514309730     
  0.609440833333333        1.21688166666667      -0.488942575435398     
  0.609440833333333        1.52060208333333      -0.439341417596107     
  0.609440833333333        1.82432250000000      -0.397080780457292     
  0.609440833333333        2.12804291666667      -0.362153972877374     
  0.609440833333333        2.43176333333333      -0.334119637443799     
  0.609440833333333        2.73548375000000      -0.312395929385355     
  0.609440833333333        3.03920416666667      -0.295275907085884     
  0.609440833333333        3.34292458333333      -0.279869720002864     
  0.609440833333333        3.64664500000000      -0.262831703136731     
  0.609440833333333        3.95036541666667      -0.243835142022346     
  0.609440833333333        4.25408583333333      -0.225955428729723     
  0.609440833333333        4.55780625000000      -0.210934886861264     
  0.609440833333333        4.86152666666667      -0.198821887771770     
  0.609440833333333        5.16524708333333      -0.188829231993307     
  0.609440833333333        5.46896750000000      -0.180686321063319     
  0.609440833333333        5.77268791666667      -0.173862893513753     
  0.609440833333333        6.07640833333333      -0.167864827656690     
  0.609440833333333        6.38012875000000      -0.162465070479056     
  0.609440833333333        6.68384916666667      -0.157870695033678     
  0.609440833333333        6.98756958333333      -0.154574388199146     
  0.609440833333333        7.29129000000000      -0.151038530831864     
  0.913161250000000       2.000000000000000E-003 -0.755347238974692     
  0.913161250000000       0.305720416666667      -0.719801047441921     
  0.913161250000000       0.609440833333333      -0.648123727882943     
  0.913161250000000       0.913161250000000      -0.576842569277633     
  0.913161250000000        1.21688166666667      -0.513236755046642     
  0.913161250000000        1.52060208333333      -0.458019506305941     
  0.913161250000000        1.82432250000000      -0.411704925345723     
  0.913161250000000        2.12804291666667      -0.374155180735812     
  0.913161250000000        2.43176333333333      -0.344081070576687     
  0.913161250000000        2.73548375000000      -0.319811548279758     
  0.913161250000000        3.03920416666667      -0.299843597163878     
  0.913161250000000        3.34292458333333      -0.281723975297885     
  0.913161250000000        3.64664500000000      -0.263421686730617     
  0.913161250000000        3.95036541666667      -0.244879947330188     
  0.913161250000000        4.25408583333333      -0.227687542364760     
  0.913161250000000        4.55780625000000      -0.213064760031326     
  0.913161250000000        4.86152666666667      -0.200945350240003     
  0.913161250000000        5.16524708333333      -0.190744933107015     
  0.913161250000000        5.46896750000000      -0.182188144621659     
  0.913161250000000        5.77268791666667      -0.174941942554403     
  0.913161250000000        6.07640833333333      -0.168574372007554     
  0.913161250000000        6.38012875000000      -0.162909952886195     
  0.913161250000000        6.68384916666667      -0.157987196206236     
  0.913161250000000        6.98756958333333      -0.153711242434730     
  0.913161250000000        7.29129000000000      -0.149283485045445     
   1.21688166666667       2.000000000000000E-003 -0.764924897111444     
   1.21688166666667       0.305720416666667      -0.738966187086731     
   1.21688166666667       0.609440833333333      -0.675926659945980     
   1.21688166666667       0.913161250000000      -0.602444873670859     
   1.21688166666667        1.21688166666667      -0.532785589686896     
   1.21688166666667        1.52060208333333      -0.472177921807085     
   1.21688166666667        1.82432250000000      -0.422219137815271     
   1.21688166666667        2.12804291666667      -0.382669042833005     
   1.21688166666667        2.43176333333333      -0.350742972603742     
   1.21688166666667        2.73548375000000      -0.324265351655179     
   1.21688166666667        3.03920416666667      -0.301721297326509     
   1.21688166666667        3.34292458333333      -0.281660784042298     
   1.21688166666667        3.64664500000000      -0.262725911482925     
   1.21688166666667        3.95036541666667      -0.244781024414266     
   1.21688166666667        4.25408583333333      -0.228541926885833     
   1.21688166666667        4.55780625000000      -0.214489305300230     
   1.21688166666667        4.86152666666667      -0.202468059606730     
   1.21688166666667        5.16524708333333      -0.192145105273385     
   1.21688166666667        5.46896750000000      -0.183251457924904     
   1.21688166666667        5.77268791666667      -0.175578156980671     
   1.21688166666667        6.07640833333333      -0.168808786520001     
   1.21688166666667        6.38012875000000      -0.162766942420096     
   1.21688166666667        6.68384916666667      -0.157364306301152     
   1.21688166666667        6.98756958333333      -0.152424606617342     
   1.21688166666667        7.29129000000000      -0.147606707581321     
   1.52060208333333       2.000000000000000E-003 -0.761461514503025     
   1.52060208333333       0.305720416666667      -0.740299988295492     
   1.52060208333333       0.609440833333333      -0.685559669818254     
   1.52060208333333       0.913161250000000      -0.614936173296900     
   1.52060208333333        1.21688166666667      -0.543775392207809     
   1.52060208333333        1.52060208333333      -0.480327781754674     
   1.52060208333333        1.82432250000000      -0.428550753210085     
   1.52060208333333        2.12804291666667      -0.387563893930945     
   1.52060208333333        2.43176333333333      -0.354175312104125     
   1.52060208333333        2.73548375000000      -0.326250541635084     
   1.52060208333333        3.03920416666667      -0.302264774791746     
   1.52060208333333        3.34292458333333      -0.281060143675349     
   1.52060208333333        3.64664500000000      -0.261873600098455     
   1.52060208333333        3.95036541666667      -0.244456573305219     
   1.52060208333333        4.25408583333333      -0.228910009040674     
   1.52060208333333        4.55780625000000      -0.215283483275109     
   1.52060208333333        4.86152666666667      -0.203410225273111     
   1.52060208333333        5.16524708333333      -0.193017670294567     
   1.52060208333333        5.46896750000000      -0.183868700110728     
   1.52060208333333        5.77268791666667      -0.175802352247201     
   1.52060208333333        6.07640833333333      -0.168640505447480     
   1.52060208333333        6.38012875000000      -0.162226327088790     
   1.52060208333333        6.68384916666667      -0.156443986929137     
   1.52060208333333        6.98756958333333      -0.151145184113054     
   1.52060208333333        7.29129000000000      -0.146161900157273     
   1.82432250000000       2.000000000000000E-003 -0.745733474476608     
   1.82432250000000       0.305720416666667      -0.727675073638672     
   1.82432250000000       0.609440833333333      -0.678320630064390     
   1.82432250000000       0.913161250000000      -0.612410074970665     
   1.82432250000000        1.21688166666667      -0.542979181192247     
   1.82432250000000        1.52060208333333      -0.480744758848994     
   1.82432250000000        1.82432250000000      -0.429980726762051     
   1.82432250000000        2.12804291666667      -0.388530279950812     
   1.82432250000000        2.43176333333333      -0.354316775410807     
   1.82432250000000        2.73548375000000      -0.325676961922654     
   1.82432250000000        3.03920416666667      -0.301209398647810     
   1.82432250000000        3.34292458333333      -0.279815200278675     
   1.82432250000000        3.64664500000000      -0.260783693416678     
   1.82432250000000        3.95036541666667      -0.243784103923746     
   1.82432250000000        4.25408583333333      -0.228702285813006     
   1.82432250000000        4.55780625000000      -0.215421324626296     
   1.82432250000000        4.86152666666667      -0.203720266609207     
   1.82432250000000        5.16524708333333      -0.193327025145224     
   1.82432250000000        5.46896750000000      -0.184020777211970     
   1.82432250000000        5.77268791666667      -0.175672461040198     
   1.82432250000000        6.07640833333333      -0.168194899767228     
   1.82432250000000        6.38012875000000      -0.161492259113614     
   1.82432250000000        6.68384916666667      -0.155464217029510     
   1.82432250000000        6.98756958333333      -0.149982356842273     
   1.82432250000000        7.29129000000000      -0.144933912550689     
   2.12804291666667       2.000000000000000E-003 -0.719970782731264     
   2.12804291666667       0.305720416666667      -0.701945577541758     
   2.12804291666667       0.609440833333333      -0.655679549439544     
   2.12804291666667       0.913161250000000      -0.593433201467748     
   2.12804291666667        1.21688166666667      -0.530953678166538     
   2.12804291666667        1.52060208333333      -0.474727856160878     
   2.12804291666667        1.82432250000000      -0.426249702520181     
   2.12804291666667        2.12804291666667      -0.385318915043760     
   2.12804291666667        2.43176333333333      -0.351120462513360     
   2.12804291666667        2.73548375000000      -0.322523458192786     
   2.12804291666667        3.03920416666667      -0.298281575632806     
   2.12804291666667        3.34292458333333      -0.277285653459834     
   2.12804291666667        3.64664500000000      -0.258761162862608     
   2.12804291666667        3.95036541666667      -0.242293749968008     
   2.12804291666667        4.25408583333333      -0.227685544332261     
   2.12804291666667        4.55780625000000      -0.214765936592976     
   2.12804291666667        4.86152666666667      -0.203295842781496     
   2.12804291666667        5.16524708333333      -0.193004192405492     
   2.12804291666667        5.46896750000000      -0.183682168239832     
   2.12804291666667        5.77268791666667      -0.175230386888648     
   2.12804291666667        6.07640833333333      -0.167616179410892     
   2.12804291666667        6.38012875000000      -0.160788173589913     
   2.12804291666667        6.68384916666667      -0.154643981631048     
   2.12804291666667        6.98756958333333      -0.149100424120320     
   2.12804291666667        7.29129000000000      -0.144041263777313     
   2.43176333333333       2.000000000000000E-003 -0.694623335367647     
   2.43176333333333       0.305720416666667      -0.676266678869971     
   2.43176333333333       0.609440833333333      -0.628758873954613     
   2.43176333333333       0.913161250000000      -0.571560950087012     
   2.43176333333333        1.21688166666667      -0.515079704090232     
   2.43176333333333        1.52060208333333      -0.463203879483790     
   2.43176333333333        1.82432250000000      -0.417350245414705     
   2.43176333333333        2.12804291666667      -0.377939688446045     
   2.43176333333333        2.43176333333333      -0.344741702205937     
   2.43176333333333        2.73548375000000      -0.316980894270795     
   2.43176333333333        3.03920416666667      -0.293554924114955     
   2.43176333333333        3.34292458333333      -0.273365978023873     
   2.43176333333333        3.64664500000000      -0.255597106038118     
   2.43176333333333        3.95036541666667      -0.239790129742323     
   2.43176333333333        4.25408583333333      -0.225724445131497     
   2.43176333333333        4.55780625000000      -0.213229390696451     
   2.43176333333333        4.86152666666667      -0.202077349538681     
   2.43176333333333        5.16524708333333      -0.192009821481474     
   2.43176333333333        5.46896750000000      -0.182831993961170     
   2.43176333333333        5.77268791666667      -0.174468809745471     
   2.43176333333333        6.07640833333333      -0.166926087305391     
   2.43176333333333        6.38012875000000      -0.160191103200478     
   2.43176333333333        6.68384916666667      -0.154162802119662     
   2.43176333333333        6.98756958333333      -0.148698409827489     
   2.43176333333333        7.29129000000000      -0.143737623433524     
   2.73548375000000       2.000000000000000E-003 -0.676504857441165     
   2.73548375000000       0.305720416666667      -0.658806965720190     
   2.73548375000000       0.609440833333333      -0.611938691644700     
   2.73548375000000       0.913161250000000      -0.551761997907196     
   2.73548375000000        1.21688166666667      -0.495368908209327     
   2.73548375000000        1.52060208333333      -0.446484551296928     
   2.73548375000000        1.82432250000000      -0.403742694500417     
   2.73548375000000        2.12804291666667      -0.366877726495018     
   2.73548375000000        2.43176333333333      -0.335656769489436     
   2.73548375000000        2.73548375000000      -0.309459000511744     
   2.73548375000000        3.03920416666667      -0.287317104263820     
   2.73548375000000        3.34292458333333      -0.268209453919695     
   2.73548375000000        3.64664500000000      -0.251351026031847     
   2.73548375000000        3.95036541666667      -0.236299081836608     
   2.73548375000000        4.25408583333333      -0.222850465902739     
   2.73548375000000        4.55780625000000      -0.210857684496149     
   2.73548375000000        4.86152666666667      -0.200116679124802     
   2.73548375000000        5.16524708333333      -0.190388653077557     
   2.73548375000000        5.46896750000000      -0.181497685840597     
   2.73548375000000        5.77268791666667      -0.173393417332645     
   2.73548375000000        6.07640833333333      -0.166113538598533     
   2.73548375000000        6.38012875000000      -0.159663394952432     
   2.73548375000000        6.68384916666667      -0.153980377578171     
   2.73548375000000        6.98756958333333      -0.148935536418402     
   2.73548375000000        7.29129000000000      -0.144226571187185     
   3.03920416666667       2.000000000000000E-003 -0.646696404299264     
   3.03920416666667       0.305720416666667      -0.629253940235604     
   3.03920416666667       0.609440833333333      -0.583549464341341     
   3.03920416666667       0.913161250000000      -0.526144831349082     
   3.03920416666667        1.21688166666667      -0.471227563615564     
   3.03920416666667        1.52060208333333      -0.425512094051419     
   3.03920416666667        1.82432250000000      -0.386580283461726     
   3.03920416666667        2.12804291666667      -0.353109863160209     
   3.03920416666667        2.43176333333333      -0.324603286233143     
   3.03920416666667        2.73548375000000      -0.300484602494324     
   3.03920416666667        3.03920416666667      -0.279930824970243     
   3.03920416666667        3.34292458333333      -0.262065292021070     
   3.03920416666667        3.64664500000000      -0.246209332363913     
   3.03920416666667        3.95036541666667      -0.231985847486464     
   3.03920416666667        4.25408583333333      -0.219229781581621     
   3.03920416666667        4.55780625000000      -0.207818373636486     
   3.03920416666667        4.86152666666667      -0.197568338697954     
   3.03920416666667        5.16524708333333      -0.188262766993436     
   3.03920416666667        5.46896750000000      -0.179751562518774     
   3.03920416666667        5.77268791666667      -0.172017584615564     
   3.03920416666667        6.07640833333333      -0.165144231343617     
   3.03920416666667        6.38012875000000      -0.159204620273435     
   3.03920416666667        6.68384916666667      -0.154139088521448     
   3.03920416666667        6.98756958333333      -0.149654922433469     
   3.03920416666667        7.29129000000000      -0.145258079105025     
   3.34292458333333       2.000000000000000E-003 -0.601784907833161     
   3.34292458333333       0.305720416666667      -0.588087470434092     
   3.34292458333333       0.609440833333333      -0.546752350920723     
   3.34292458333333       0.913161250000000      -0.493595063502220     
   3.34292458333333        1.21688166666667      -0.443402295272944     
   3.34292458333333        1.52060208333333      -0.401973777738563     
   3.34292458333333        1.82432250000000      -0.367419642537361     
   3.34292458333333        2.12804291666667      -0.337787852273434     
   3.34292458333333        2.43176333333333      -0.312341360443490     
   3.34292458333333        2.73548375000000      -0.290535500610536     
   3.34292458333333        3.03920416666667      -0.271707747553907     
   3.34292458333333        3.34292458333333      -0.255166269014214     
   3.34292458333333        3.64664500000000      -0.240379920291532     
   3.34292458333333        3.95036541666667      -0.227059245949411     
   3.34292458333333        4.25408583333333      -0.215075677001081     
   3.34292458333333        4.55780625000000      -0.204318376270076     
   3.34292458333333        4.86152666666667      -0.194615192680502     
   3.34292458333333        5.16524708333333      -0.185770774791724     
   3.34292458333333        5.46896750000000      -0.177667776632506     
   3.34292458333333        5.77268791666667      -0.170330332230192     
   3.34292458333333        6.07640833333333      -0.163902072512366     
   3.34292458333333        6.38012875000000      -0.158493359506614     
   3.34292458333333        6.68384916666667      -0.153944671820161     
   3.34292458333333        6.98756958333333      -0.149868146442065     
   3.34292458333333        7.29129000000000      -0.145789906711070     
   3.64664500000000       2.000000000000000E-003 -0.543097430191782     
   3.64664500000000       0.305720416666667      -0.539557721103406     
   3.64664500000000       0.609440833333333      -0.505593008573356     
   3.64664500000000       0.913161250000000      -0.458489659649269     
   3.64664500000000        1.21688166666667      -0.414062169419865     
   3.64664500000000        1.52060208333333      -0.377555140109031     
   3.64664500000000        1.82432250000000      -0.347557716271922     
   3.64664500000000        2.12804291666667      -0.321787643486820     
   3.64664500000000        2.43176333333333      -0.299401689253085     
   3.64664500000000        2.73548375000000      -0.279923181217578     
   3.64664500000000        3.03920416666667      -0.262853951132006     
   3.64664500000000        3.34292458333333      -0.247687185519605     
   3.64664500000000        3.64664500000000      -0.234038854976526     
   3.64664500000000        3.95036541666667      -0.221700136178703     
   3.64664500000000        4.25408583333333      -0.210564258372919     
   3.64664500000000        4.55780625000000      -0.200516827822022     
   3.64664500000000        4.86152666666667      -0.191388376829792     
   3.64664500000000        5.16524708333333      -0.183005661781480     
   3.64664500000000        5.46896750000000      -0.175287374655583     
   3.64664500000000        5.77268791666667      -0.168295444195850     
   3.64664500000000        6.07640833333333      -0.162205747482068     
   3.64664500000000        6.38012875000000      -0.157136907896216     
   3.64664500000000        6.68384916666667      -0.152879449201178     
   3.64664500000000        6.98756958333333      -0.149024822610827     
   3.64664500000000        7.29129000000000      -0.146132216558088     
   3.95036541666667       2.000000000000000E-003 -0.496522608035692     
   3.95036541666667       0.305720416666667      -0.488464447212770     
   3.95036541666667       0.609440833333333      -0.459818316447952     
   3.95036541666667       0.913161250000000      -0.421142371604129     
   3.95036541666667        1.21688166666667      -0.383905576888982     
   3.95036541666667        1.52060208333333      -0.352993222590811     
   3.95036541666667        1.82432250000000      -0.327568697492957     
   3.95036541666667        2.12804291666667      -0.305486074710662     
   3.95036541666667        2.43176333333333      -0.286019972451885     
   3.95036541666667        2.73548375000000      -0.268812252069422     
   3.95036541666667        3.03920416666667      -0.253514935471260     
   3.95036541666667        3.34292458333333      -0.239777323464342     
   3.95036541666667        3.64664500000000      -0.227335831532417     
   3.95036541666667        3.95036541666667      -0.216042443871728     
   3.95036541666667        4.25408583333333      -0.205800908161607     
   3.95036541666667        4.55780625000000      -0.196487878320494     
   3.95036541666667        4.86152666666667      -0.187936424225646     
   3.95036541666667        5.16524708333333      -0.179997533138079     
   3.95036541666667        5.46896750000000      -0.172624938183595     
   3.95036541666667        5.77268791666667      -0.165905100505301     
   3.95036541666667        6.07640833333333      -0.160002246065457     
   3.95036541666667        6.38012875000000      -0.155056171951851     
   3.95036541666667        6.68384916666667      -0.150945086089986     
   3.95036541666667        6.98756958333333      -0.147272933976439     
   3.95036541666667        7.29129000000000      -0.143511107953289     
   4.25408583333333       2.000000000000000E-003 -0.437398364263966     
   4.25408583333333       0.305720416666667      -0.429762996935816     
   4.25408583333333       0.609440833333333      -0.408857434899515     
   4.25408583333333       0.913161250000000      -0.380955785683167     
   4.25408583333333        1.21688166666667      -0.352543011680411     
   4.25408583333333        1.52060208333333      -0.328337344421847     
   4.25408583333333        1.82432250000000      -0.307497936294681     
   4.25408583333333        2.12804291666667      -0.288950282431743     
   4.25408583333333        2.43176333333333      -0.272306600645746     
   4.25408583333333        2.73548375000000      -0.257356782582513     
   4.25408583333333        3.03920416666667      -0.243872425154194     
   4.25408583333333        3.34292458333333      -0.231619062320772     
   4.25408583333333        3.64664500000000      -0.220424928627944     
   4.25408583333333        3.95036541666667      -0.210191660746290     
   4.25408583333333        4.25408583333333      -0.200837783408628     
   4.25408583333333        4.55780625000000      -0.192242678748508     
   4.25408583333333        4.86152666666667      -0.184252023852895     
   4.25408583333333        5.16524708333333      -0.176744571290537     
   4.25408583333333        5.46896750000000      -0.169703374028377     
   4.25408583333333        5.77268791666667      -0.163225410984813     
   4.25408583333333        6.07640833333333      -0.157447431507846     
   4.25408583333333        6.38012875000000      -0.152461217415711     
   4.25408583333333        6.68384916666667      -0.148275129135649     
   4.25408583333333        6.98756958333333      -0.144572502459834     
   4.25408583333333        7.29129000000000      -0.140788683885943     
   4.55780625000000       2.000000000000000E-003 -0.375601699975836     
   4.55780625000000       0.305720416666667      -0.371037109374161     
   4.55780625000000       0.609440833333333      -0.358575117348501     
   4.55780625000000       0.913161250000000      -0.340847275915580     
   4.55780625000000        1.21688166666667      -0.321756053291504     
   4.55780625000000        1.52060208333333      -0.303907748370744     
   4.55780625000000        1.82432250000000      -0.287466136591611     
   4.55780625000000        2.12804291666667      -0.272346890057748     
   4.55780625000000        2.43176333333333      -0.258498430020662     
   4.55780625000000        2.73548375000000      -0.245832724105755     
   4.55780625000000        3.03920416666667      -0.234200255283513     
   4.55780625000000        3.34292458333333      -0.223447202663865     
   4.55780625000000        3.64664500000000      -0.213476426418801     
   4.55780625000000        3.95036541666667      -0.204245123043399     
   4.55780625000000        4.25408583333333      -0.195708837567385     
   4.55780625000000        4.55780625000000      -0.187776130626250     
   4.55780625000000        4.86152666666667      -0.180322781657139     
   4.55780625000000        5.16524708333333      -0.173256909297638     
   4.55780625000000        5.46896750000000      -0.166578738562906     
   4.55780625000000        5.77268791666667      -0.160380021250159     
   4.55780625000000        6.07640833333333      -0.154771934286284     
   4.55780625000000        6.38012875000000      -0.149783976165741     
   4.55780625000000        6.68384916666667      -0.145393658559588     
   4.55780625000000        6.98756958333333      -0.141474195714868     
   4.55780625000000        7.29129000000000      -0.137673814781656     
   4.86152666666667       2.000000000000000E-003 -0.324690947948607     
   4.86152666666667       0.305720416666667      -0.322457472026160     
   4.86152666666667       0.609440833333333      -0.315904581851379     
   4.86152666666667       0.913161250000000      -0.305533945731595     
   4.86152666666667        1.21688166666667      -0.293254277170189     
   4.86152666666667        1.52060208333333      -0.280517296963153     
   4.86152666666667        1.82432250000000      -0.268047053929586     
   4.86152666666667        2.12804291666667      -0.256184245604939     
   4.86152666666667        2.43176333333333      -0.245056464218154     
   4.86152666666667        2.73548375000000      -0.234637160865618     
   4.86152666666667        3.03920416666667      -0.224816794747490     
   4.86152666666667        3.34292458333333      -0.215495613158316     
   4.86152666666667        3.64664500000000      -0.206643288135350     
   4.86152666666667        3.95036541666667      -0.198287236036646     
   4.86152666666667        4.25408583333333      -0.190450529184287     
   4.86152666666667        4.55780625000000      -0.183102308634300     
   4.86152666666667        4.86152666666667      -0.176166189292692     
   4.86152666666667        5.16524708333333      -0.169576691129116     
   4.86152666666667        5.46896750000000      -0.163332851946768     
   4.86152666666667        5.77268791666667      -0.157500268944312     
   4.86152666666667        6.07640833333333      -0.152156836377442     
   4.86152666666667        6.38012875000000      -0.147323188762869     
   4.86152666666667        6.68384916666667      -0.142934255322524     
   4.86152666666667        6.98756958333333      -0.138884440847804     
   4.86152666666667        7.29129000000000      -0.135105184167638     
   5.16524708333333       2.000000000000000E-003 -0.286722323339435     
   5.16524708333333       0.305720416666667      -0.285467363563720     
   5.16524708333333       0.609440833333333      -0.281688261656590     
   5.16524708333333       0.913161250000000      -0.275747939935936     
   5.16524708333333        1.21688166666667      -0.268010302667060     
   5.16524708333333        1.52060208333333      -0.259243917167601     
   5.16524708333333        1.82432250000000      -0.250151892104950     
   5.16524708333333        2.12804291666667      -0.241180262819461     
   5.16524708333333        2.43176333333333      -0.232513955565116     
   5.16524708333333        2.73548375000000      -0.224142196787900     
   5.16524708333333        3.03920416666667      -0.215967261146677     
   5.16524708333333        3.34292458333333      -0.207918549590953     
   5.16524708333333        3.64664500000000      -0.200019801020454     
   5.16524708333333        3.95036541666667      -0.192377166061829     
   5.16524708333333        4.25408583333333      -0.185106706256418     
   5.16524708333333        4.55780625000000      -0.178264277058031     
   5.16524708333333        4.86152666666667      -0.171832779265139     
   5.16524708333333        5.16524708333333      -0.165765865743705     
   5.16524708333333        5.46896750000000      -0.160041228128894     
   5.16524708333333        5.77268791666667      -0.154676625402759     
   5.16524708333333        6.07640833333333      -0.149701000273839     
   5.16524708333333        6.38012875000000      -0.145113276658769     
   5.16524708333333        6.68384916666667      -0.140878563578459     
   5.16524708333333        6.98756958333333      -0.136977520625222     
   5.16524708333333        7.29129000000000      -0.133338761032207     
   5.46896750000000       2.000000000000000E-003 -0.258503064503871     
   5.46896750000000       0.305720416666667      -0.257687819456586     
   5.46896750000000       0.609440833333333      -0.255408914457539     
   5.46896750000000       0.913161250000000      -0.251706658322525     
   5.46896750000000        1.21688166666667      -0.246854053322747     
   5.46896750000000        1.52060208333333      -0.241053019725174     
   5.46896750000000        1.82432250000000      -0.234573463732269     
   5.46896750000000        2.12804291666667      -0.227885826976147     
   5.46896750000000        2.43176333333333      -0.221207969829262     
   5.46896750000000        2.73548375000000      -0.214532669756578     
   5.46896750000000        3.03920416666667      -0.207750511764840     
   5.46896750000000        3.34292458333333      -0.200778842801563     
   5.46896750000000        3.64664500000000      -0.193658005938265     
   5.46896750000000        3.95036541666667      -0.186566915692060     
   5.46896750000000        4.25408583333333      -0.179736627810976     
   5.46896750000000        4.55780625000000      -0.173330051187879     
   5.46896750000000        4.86152666666667      -0.167391441659660     
   5.46896750000000        5.16524708333333      -0.161882332158604     
   5.46896750000000        5.46896750000000      -0.156743875413551     
   5.46896750000000        5.77268791666667      -0.151932514918199     
   5.46896750000000        6.07640833333333      -0.147420015710728     
   5.46896750000000        6.38012875000000      -0.143210777432681     
   5.46896750000000        6.68384916666667      -0.139302391188140     
   5.46896750000000        6.98756958333333      -0.135655657293943     
   5.46896750000000        7.29129000000000      -0.132223506467405     
   5.77268791666667       2.000000000000000E-003 -0.239110481359424     
   5.77268791666667       0.305720416666667      -0.238477768708147     
   5.77268791666667       0.609440833333333      -0.236755615602230     
   5.77268791666667       0.913161250000000      -0.234132547271728     
   5.77268791666667        1.21688166666667      -0.230638857377996     
   5.77268791666667        1.52060208333333      -0.226380569319708     
   5.77268791666667        1.82432250000000      -0.221546143015794     
   5.77268791666667        2.12804291666667      -0.216387264113447     
   5.77268791666667        2.43176333333333      -0.211133218472108     
   5.77268791666667        2.73548375000000      -0.205784483509083     
   5.77268791666667        3.03920416666667      -0.200188051095519     
   5.77268791666667        3.34292458333333      -0.194162299218412     
   5.77268791666667        3.64664500000000      -0.187670222378336     
   5.77268791666667        3.95036541666667      -0.180955393057511     
   5.77268791666667        4.25408583333333      -0.174427423962144     
   5.77268791666667        4.55780625000000      -0.168386679699577     
   5.77268791666667        4.86152666666667      -0.162919638883838     
   5.77268791666667        5.16524708333333      -0.157973116114365     
   5.77268791666667        5.46896750000000      -0.153445082567327     
   5.77268791666667        5.77268791666667      -0.149240368780855     
   5.77268791666667        6.07640833333333      -0.145290525441084     
   5.77268791666667        6.38012875000000      -0.141559818266706     
   5.77268791666667        6.68384916666667      -0.138048115847163     
   5.77268791666667        6.98756958333333      -0.134724885844737     
   5.77268791666667        7.29129000000000      -0.131512333439900     
   6.07640833333333       2.000000000000000E-003 -0.228374596219289     
   6.07640833333333       0.305720416666667      -0.227221892321499     
   6.07640833333333       0.609440833333333      -0.224753382519985     
   6.07640833333333       0.913161250000000      -0.221906560781191     
   6.07640833333333        1.21688166666667      -0.218661029138951     
   6.07640833333333        1.52060208333333      -0.214865458160786     
   6.07640833333333        1.82432250000000      -0.210653551761614     
   6.07640833333333        2.12804291666667      -0.206319539204124     
   6.07640833333333        2.43176333333333      -0.202032229251880     
   6.07640833333333        2.73548375000000      -0.197806373539586     
   6.07640833333333        3.03920416666667      -0.193424088554596     
   6.07640833333333        3.34292458333333      -0.188421283201552     
   6.07640833333333        3.64664500000000      -0.182392543735005     
   6.07640833333333        3.95036541666667      -0.175716985154083     
   6.07640833333333        4.25408583333333      -0.169257154945290     
   6.07640833333333        4.55780625000000      -0.163515791822128     
   6.07640833333333        4.86152666666667      -0.158501829462713     
   6.07640833333333        5.16524708333333      -0.154089731491472     
   6.07640833333333        5.46896750000000      -0.150145586731697     
   6.07640833333333        5.77268791666667      -0.146560260044455     
   6.07640833333333        6.07640833333333      -0.143172152932590     
   6.07640833333333        6.38012875000000      -0.139930587912686     
   6.07640833333333        6.68384916666667      -0.136874816793683     
   6.07640833333333        6.98756958333333      -0.133988123717485     
   6.07640833333333        7.29129000000000      -0.131067676350693     
   6.38012875000000       2.000000000000000E-003 -0.225957432151363     
   6.38012875000000       0.305720416666667      -0.222721585519999     
   6.38012875000000       0.609440833333333      -0.217367586185550     
   6.38012875000000       0.913161250000000      -0.213191713507130     
   6.38012875000000        1.21688166666667      -0.209422181317507     
   6.38012875000000        1.52060208333333      -0.205381995293953     
   6.38012875000000        1.82432250000000      -0.201154100715723     
   6.38012875000000        2.12804291666667      -0.197150107156608     
   6.38012875000000        2.43176333333333      -0.193605459897354     
   6.38012875000000        2.73548375000000      -0.190571310306548     
   6.38012875000000        3.03920416666667      -0.187748442468484     
   6.38012875000000        3.34292458333333      -0.183855362680657     
   6.38012875000000        3.64664500000000      -0.177954676221647     
   6.38012875000000        3.95036541666667      -0.170871019988863     
   6.38012875000000        4.25408583333333      -0.164202276448088     
   6.38012875000000        4.55780625000000      -0.158730031603552     
   6.38012875000000        4.86152666666667      -0.154230559582175     
   6.38012875000000        5.16524708333333      -0.150308794502448     
   6.38012875000000        5.46896750000000      -0.146902888173029     
   6.38012875000000        5.77268791666667      -0.143866128189689     
   6.38012875000000        6.07640833333333      -0.140963162104265     
   6.38012875000000        6.38012875000000      -0.138136540401931     
   6.38012875000000        6.68384916666667      -0.135530703591504     
   6.38012875000000        6.98756958333333      -0.133278196836576     
   6.38012875000000        7.29129000000000      -0.130867593102584     
   6.68384916666667       2.000000000000000E-003 -0.228251897117887     
   6.68384916666667       0.305720416666667      -0.219962110685795     
   6.68384916666667       0.609440833333333      -0.210518264169822     
   6.68384916666667       0.913161250000000      -0.205612494215365     
   6.68384916666667        1.21688166666667      -0.201417767308813     
   6.68384916666667        1.52060208333333      -0.196915432413711     
   6.68384916666667        1.82432250000000      -0.192429224516365     
   6.68384916666667        2.12804291666667      -0.188506388181488     
   6.68384916666667        2.43176333333333      -0.185615865057577     
   6.68384916666667        2.73548375000000      -0.183831896127418     
   6.68384916666667        3.03920416666667      -0.182616388518726     
   6.68384916666667        3.34292458333333      -0.179902178717359     
   6.68384916666667        3.64664500000000      -0.173829531006062     
   6.68384916666667        3.95036541666667      -0.166129657519554     
   6.68384916666667        4.25408583333333      -0.159476777353942     
   6.68384916666667        4.55780625000000      -0.154261141103548     
   6.68384916666667        4.86152666666667      -0.150237511983641     
   6.68384916666667        5.16524708333333      -0.146745419494106     
   6.68384916666667        5.46896750000000      -0.143798316890594     
   6.68384916666667        5.77268791666667      -0.141191970282899     
   6.68384916666667        6.07640833333333      -0.138664107753349     
   6.68384916666667        6.38012875000000      -0.136098436741944     
   6.68384916666667        6.68384916666667      -0.133715533167797     
   6.68384916666667        6.98756958333333      -0.132216031774748     
   6.68384916666667        7.29129000000000      -0.130794008377385     
   6.98756958333333       2.000000000000000E-003 -0.219636260611677     
   6.98756958333333       0.305720416666667      -0.209383219977869     
   6.98756958333333       0.609440833333333      -0.201354316331858     
   6.98756958333333       0.913161250000000      -0.197876008824006     
   6.98756958333333        1.21688166666667      -0.193691815949014     
   6.98756958333333        1.52060208333333      -0.188869367081706     
   6.98756958333333        1.82432250000000      -0.184209888059858     
   6.98756958333333        2.12804291666667      -0.180357514745415     
   6.98756958333333        2.43176333333333      -0.177861791727938     
   6.98756958333333        2.73548375000000      -0.176841764782554     
   6.98756958333333        3.03920416666667      -0.176664353631781     
   6.98756958333333        3.34292458333333      -0.174946306300935     
   6.98756958333333        3.64664500000000      -0.169049451816692     
   6.98756958333333        3.95036541666667      -0.161604252801209     
   6.98756958333333        4.25408583333333      -0.155661931534574     
   6.98756958333333        4.55780625000000      -0.150720463884210     
   6.98756958333333        4.86152666666667      -0.146755120387217     
   6.98756958333333        5.16524708333333      -0.143536685923832     
   6.98756958333333        5.46896750000000      -0.140884437539006     
   6.98756958333333        5.77268791666667      -0.138589393602399     
   6.98756958333333        6.07640833333333      -0.136383996529473     
   6.98756958333333        6.38012875000000      -0.134084085327942     
   6.98756958333333        6.68384916666667      -0.131710234776400     
   6.98756958333333        6.98756958333333      -0.130252930368030     
   6.98756958333333        7.29129000000000      -0.129840999180401     
   7.29129000000000       2.000000000000000E-003 -0.200345078554583     
   7.29129000000000       0.305720416666667      -0.200277743269999     
   7.29129000000000       0.609440833333333      -0.194433241015439     
   7.29129000000000       0.913161250000000      -0.190420564719752     
   7.29129000000000        1.21688166666667      -0.185880226061004     
   7.29129000000000        1.52060208333333      -0.181025191231352     
   7.29129000000000        1.82432250000000      -0.176482468331970     
   7.29129000000000        2.12804291666667      -0.172770664270921     
   7.29129000000000        2.43176333333333      -0.170350530601718     
   7.29129000000000        2.73548375000000      -0.169234347316818     
   7.29129000000000        3.03920416666667      -0.168755759644821     
   7.29129000000000        3.34292458333333      -0.167053625737020     
   7.29129000000000        3.64664500000000      -0.164612812960647     
   7.29129000000000        3.95036541666667      -0.158978787510979     
   7.29129000000000        4.25408583333333      -0.153365324242612     
   7.29129000000000        4.55780625000000      -0.148147966926052     
   7.29129000000000        4.86152666666667      -0.143903142280651     
   7.29129000000000        5.16524708333333      -0.140650622668192     
   7.29129000000000        5.46896750000000      -0.138140432278710     
   7.29129000000000        5.77268791666667      -0.136046066116806     
   7.29129000000000        6.07640833333333      -0.134152640025363     
   7.29129000000000        6.38012875000000      -0.132405512869726     
   7.29129000000000        6.68384916666667      -0.130886075232725     
   7.29129000000000        6.98756958333333      -0.129531874487850     
   7.29129000000000        7.29129000000000      -0.127304233680230     
