  2.000000000000000E-003  2.000000000000000E-003  -2.30228058391215     
  2.000000000000000E-003  0.305720416666667       -2.19427154577272     
  2.000000000000000E-003  0.609440833333333       -1.82419192386198     
  2.000000000000000E-003  0.913161250000000       -1.34993152244994     
  2.000000000000000E-003   1.21688166666667      -0.999998330256178     
  2.000000000000000E-003   1.52060208333333      -0.768000027365652     
  2.000000000000000E-003   1.82432250000000      -0.612971022989549     
  2.000000000000000E-003   2.12804291666667      -0.507398321244075     
  2.000000000000000E-003   2.43176333333333      -0.435084218139825     
  2.000000000000000E-003   2.73548375000000      -0.386591767467044     
  2.000000000000000E-003   3.03920416666667      -0.354196700420830     
  2.000000000000000E-003   3.34292458333333      -0.326389568824403     
  2.000000000000000E-003   3.64664500000000      -0.304430864050726     
  2.000000000000000E-003   3.95036541666667      -0.271629187302563     
  2.000000000000000E-003   4.25408583333333      -0.246521013391278     
  2.000000000000000E-003   4.55780625000000      -0.230020114900158     
  2.000000000000000E-003   4.86152666666667      -0.218131406161244     
  2.000000000000000E-003   5.16524708333333      -0.208638122814925     
  2.000000000000000E-003   5.46896750000000      -0.200345089058313     
  2.000000000000000E-003   5.77268791666667      -0.192231392748281     
  2.000000000000000E-003   6.07640833333333      -0.183294594656182     
  2.000000000000000E-003   6.38012875000000      -0.172943947443669     
  2.000000000000000E-003   6.68384916666667      -0.162494059221502     
  2.000000000000000E-003   6.98756958333333      -0.159191293503611     
  2.000000000000000E-003   7.29129000000000      -0.159635822829696     
  0.305720416666667       2.000000000000000E-003  -2.19427168585673     
  0.305720416666667       0.305720416666667       -1.99253543017972     
  0.305720416666667       0.609440833333333       -1.64581572481123     
  0.305720416666667       0.913161250000000       -1.25933881008022     
  0.305720416666667        1.21688166666667      -0.957175795662424     
  0.305720416666667        1.52060208333333      -0.746775039407131     
  0.305720416666667        1.82432250000000      -0.601872699729543     
  0.305720416666667        2.12804291666667      -0.501516232502920     
  0.305720416666667        2.43176333333333      -0.431861796986254     
  0.305720416666667        2.73548375000000      -0.384188286639345     
  0.305720416666667        3.03920416666667      -0.352172082147509     
  0.305720416666667        3.34292458333333      -0.325468681601225     
  0.305720416666667        3.64664500000000      -0.298544225083122     
  0.305720416666667        3.95036541666667      -0.270273562344622     
  0.305720416666667        4.25408583333333      -0.246658326170816     
  0.305720416666667        4.55780625000000      -0.230051804414701     
  0.305720416666667        4.86152666666667      -0.217988556328231     
  0.305720416666667        5.16524708333333      -0.208332387067128     
  0.305720416666667        5.46896750000000      -0.199975619168283     
  0.305720416666667        5.77268791666667      -0.191918463939485     
  0.305720416666667        6.07640833333333      -0.183362292878709     
  0.305720416666667        6.38012875000000      -0.174211856440060     
  0.305720416666667        6.68384916666667      -0.166554835721241     
  0.305720416666667        6.98756958333333      -0.164419977606729     
  0.305720416666667        7.29129000000000      -0.160256837908196     
  0.609440833333333       2.000000000000000E-003  -1.82419193887240     
  0.609440833333333       0.305720416666667       -1.64581582420177     
  0.609440833333333       0.609440833333333       -1.34610818155884     
  0.609440833333333       0.913161250000000       -1.07599735068801     
  0.609440833333333        1.21688166666667      -0.858172868229113     
  0.609440833333333        1.52060208333333      -0.693664424119707     
  0.609440833333333        1.82432250000000      -0.572634082734133     
  0.609440833333333        2.12804291666667      -0.485089518778638     
  0.609440833333333        2.43176333333333      -0.422506819282805     
  0.609440833333333        2.73548375000000      -0.377274938557139     
  0.609440833333333        3.03920416666667      -0.345831350450298     
  0.609440833333333        3.34292458333333      -0.320088195686148     
  0.609440833333333        3.64664500000000      -0.294131611933120     
  0.609440833333333        3.95036541666667      -0.268181558472181     
  0.609440833333333        4.25408583333333      -0.246194705996179     
  0.609440833333333        4.55780625000000      -0.229712103069999     
  0.609440833333333        4.86152666666667      -0.217403825533184     
  0.609440833333333        5.16524708333333      -0.207391399832654     
  0.609440833333333        5.46896750000000      -0.198866703290438     
  0.609440833333333        5.77268791666667      -0.190891510299724     
  0.609440833333333        6.07640833333333      -0.182923368438797     
  0.609440833333333        6.38012875000000      -0.175258127008834     
  0.609440833333333        6.68384916666667      -0.169232524565799     
  0.609440833333333        6.98756958333333      -0.164980014795398     
  0.609440833333333        7.29129000000000      -0.159169875883436     
  0.913161250000000       2.000000000000000E-003  -1.34993167802775     
  0.913161250000000       0.305720416666667       -1.25933893866614     
  0.913161250000000       0.609440833333333       -1.07599742434693     
  0.913161250000000       0.913161250000000      -0.897794263473817     
  0.913161250000000        1.21688166666667      -0.748266493256547     
  0.913161250000000        1.52060208333333      -0.627805863342382     
  0.913161250000000        1.82432250000000      -0.533348159953334     
  0.913161250000000        2.12804291666667      -0.461598903283712     
  0.913161250000000        2.43176333333333      -0.407486376866278     
  0.913161250000000        2.73548375000000      -0.366635050221351     
  0.913161250000000        3.03920416666667      -0.336108255114809     
  0.913161250000000        3.34292458333333      -0.311031090105106     
  0.913161250000000        3.64664500000000      -0.287152752877106     
  0.913161250000000        3.95036541666667      -0.264195373366025     
  0.913161250000000        4.25408583333333      -0.244294127000535     
  0.913161250000000        4.55780625000000      -0.228592201870321     
  0.913161250000000        4.86152666666667      -0.216138217195144     
  0.913161250000000        5.16524708333333      -0.205872665150234     
  0.913161250000000        5.46896750000000      -0.197141286432552     
  0.913161250000000        5.77268791666667      -0.189126389334763     
  0.913161250000000        6.07640833333333      -0.181423958278025     
  0.913161250000000        6.38012875000000      -0.174192504400136     
  0.913161250000000        6.68384916666667      -0.167852327505836     
  0.913161250000000        6.98756958333333      -0.162153885214550     
  0.913161250000000        7.29129000000000      -0.156451819943295     
   1.21688166666667       2.000000000000000E-003 -0.999998874148016     
   1.21688166666667       0.305720416666667      -0.957176143803679     
   1.21688166666667       0.609440833333333      -0.858173054121676     
   1.21688166666667       0.913161250000000      -0.748266569361382     
   1.21688166666667        1.21688166666667      -0.648043760150104     
   1.21688166666667        1.52060208333333      -0.562185604411081     
   1.21688166666667        1.82432250000000      -0.491170252219748     
   1.21688166666667        2.12804291666667      -0.434198887152327     
   1.21688166666667        2.43176333333333      -0.388870764560988     
   1.21688166666667        2.73548375000000      -0.353150683552625     
   1.21688166666667        3.03920416666667      -0.324680549587381     
   1.21688166666667        3.34292458333333      -0.300758454827673     
   1.21688166666667        3.64664500000000      -0.278960028381564     
   1.21688166666667        3.95036541666667      -0.258789295971160     
   1.21688166666667        4.25408583333333      -0.241137986402664     
   1.21688166666667        4.55780625000000      -0.226372510009243     
   1.21688166666667        4.86152666666667      -0.214132324050870     
   1.21688166666667        5.16524708333333      -0.203846301930557     
   1.21688166666667        5.46896750000000      -0.194929401784781     
   1.21688166666667        5.77268791666667      -0.186794147221949     
   1.21688166666667        6.07640833333333      -0.179105788815230     
   1.21688166666667        6.38012875000000      -0.171908924294009     
   1.21688166666667        6.68384916666667      -0.165344199556898     
   1.21688166666667        6.98756958333333      -0.159376499184980     
   1.21688166666667        7.29129000000000      -0.153911248400920     
   1.52060208333333       2.000000000000000E-003 -0.768000638045391     
   1.52060208333333       0.305720416666667      -0.746775449546590     
   1.52060208333333       0.609440833333333      -0.693664675611818     
   1.52060208333333       0.913161250000000      -0.627806034838216     
   1.52060208333333        1.21688166666667      -0.562185722770644     
   1.52060208333333        1.52060208333333      -0.502323026300625     
   1.52060208333333        1.82432250000000      -0.450140742328035     
   1.52060208333333        2.12804291666667      -0.405735054947039     
   1.52060208333333        2.43176333333333      -0.368759663475094     
   1.52060208333333        2.73548375000000      -0.338218254026185     
   1.52060208333333        3.03920416666667      -0.312655304821814     
   1.52060208333333        3.34292458333333      -0.290530424100173     
   1.52060208333333        3.64664500000000      -0.270687551469336     
   1.52060208333333        3.95036541666667      -0.252741039021851     
   1.52060208333333        4.25408583333333      -0.236862549573251     
   1.52060208333333        4.55780625000000      -0.223173901278214     
   1.52060208333333        4.86152666666667      -0.211476098008628     
   1.52060208333333        5.16524708333333      -0.201346963284133     
   1.52060208333333        5.46896750000000      -0.192329858848465     
   1.52060208333333        5.77268791666667      -0.184066821454968     
   1.52060208333333        6.07640833333333      -0.176341349135929     
   1.52060208333333        6.38012875000000      -0.169177854583732     
   1.52060208333333        6.68384916666667      -0.162663322037881     
   1.52060208333333        6.98756958333333      -0.156810516134221     
   1.52060208333333        7.29129000000000      -0.151558971624073     
   1.82432250000000       2.000000000000000E-003 -0.612971422233429     
   1.82432250000000       0.305720416666667      -0.601873040771562     
   1.82432250000000       0.609440833333333      -0.572634408003631     
   1.82432250000000       0.913161250000000      -0.533348499890033     
   1.82432250000000        1.21688166666667      -0.491170550764234     
   1.82432250000000        1.52060208333333      -0.450140890099236     
   1.82432250000000        1.82432250000000      -0.412087088878105     
   1.82432250000000        2.12804291666667      -0.378133385498852     
   1.82432250000000        2.43176333333333      -0.348517568187328     
   1.82432250000000        2.73548375000000      -0.322837301947576     
   1.82432250000000        3.03920416666667      -0.300377805159702     
   1.82432250000000        3.34292458333333      -0.280411712984186     
   1.82432250000000        3.64664500000000      -0.262436758098924     
   1.82432250000000        3.95036541666667      -0.246267284265272     
   1.82432250000000        4.25408583333333      -0.231904324582442     
   1.82432250000000        4.55780625000000      -0.219299357226732     
   1.82432250000000        4.86152666666667      -0.208231364663521     
   1.82432250000000        5.16524708333333      -0.198361033577724     
   1.82432250000000        5.46896750000000      -0.189366720094503     
   1.82432250000000        5.77268791666667      -0.181047260237355     
   1.82432250000000        6.07640833333333      -0.173333665280794     
   1.82432250000000        6.38012875000000      -0.166263642383836     
   1.82432250000000        6.68384916666667      -0.159912486126317     
   1.82432250000000        6.98756958333333      -0.154270289313910     
   1.82432250000000        7.29129000000000      -0.149253848110020     
   2.12804291666667       2.000000000000000E-003 -0.507398472544671     
   2.12804291666667       0.305720416666667      -0.501516474031628     
   2.12804291666667       0.609440833333333      -0.485089876297952     
   2.12804291666667       0.913161250000000      -0.461599296216230     
   2.12804291666667        1.21688166666667      -0.434199233446180     
   2.12804291666667        1.52060208333333      -0.405735300102646     
   2.12804291666667        1.82432250000000      -0.378133507092638     
   2.12804291666667        2.12804291666667      -0.352389703974831     
   2.12804291666667        2.43176333333333      -0.328828896359075     
   2.12804291666667        2.73548375000000      -0.307393284558338     
   2.12804291666667        3.03920416666667      -0.287881773314386     
   2.12804291666667        3.34292458333333      -0.270107723792715     
   2.12804291666667        3.64664500000000      -0.253967409851814     
   2.12804291666667        3.95036541666667      -0.239423525686584     
   2.12804291666667        4.25408583333333      -0.226426378100601     
   2.12804291666667        4.55780625000000      -0.214834374984716     
   2.12804291666667        4.86152666666667      -0.204405447717770     
   2.12804291666667        5.16524708333333      -0.194870229324879     
   2.12804291666667        5.46896750000000      -0.186030061482114     
   2.12804291666667        5.77268791666667      -0.177809152759530     
   2.12804291666667        6.07640833333333      -0.170231509019712     
   2.12804291666667        6.38012875000000      -0.163351177808471     
   2.12804291666667        6.68384916666667      -0.157203790015184     
   2.12804291666667        6.98756958333333      -0.151816725840669     
   2.12804291666667        7.29129000000000      -0.147084599320611     
   2.43176333333333       2.000000000000000E-003 -0.435083942090679     
   2.43176333333333       0.305720416666667      -0.431861616677704     
   2.43176333333333       0.609440833333333      -0.422506880779750     
   2.43176333333333       0.913161250000000      -0.407486645746015     
   2.43176333333333        1.21688166666667      -0.388871109216812     
   2.43176333333333        1.52060208333333      -0.368759974916342     
   2.43176333333333        1.82432250000000      -0.348517789237834     
   2.43176333333333        2.12804291666667      -0.328829007983846     
   2.43176333333333        2.43176333333333      -0.309970433424754     
   2.43176333333333        2.73548375000000      -0.292061815272426     
   2.43176333333333        3.03920416666667      -0.275212487273038     
   2.43176333333333        3.34292458333333      -0.259555416550888     
   2.43176333333333        3.64664500000000      -0.245205794021511     
   2.43176333333333        3.95036541666667      -0.232200984456411     
   2.43176333333333        4.25408583333333      -0.220464833952936     
   2.43176333333333        4.55780625000000      -0.209816849357485     
   2.43176333333333        4.86152666666667      -0.200030160785811     
   2.43176333333333        5.16524708333333      -0.190913587356932     
   2.43176333333333        5.46896750000000      -0.182373540768734     
   2.43176333333333        5.77268791666667      -0.174421168834242     
   2.43176333333333        6.07640833333333      -0.167122366624893     
   2.43176333333333        6.38012875000000      -0.160531154196359     
   2.43176333333333        6.68384916666667      -0.154672581458731     
   2.43176333333333        6.98756958333333      -0.149596865766136     
   2.43176333333333        7.29129000000000      -0.145326349079790     
   2.73548375000000       2.000000000000000E-003 -0.386591152414784     
   2.73548375000000       0.305720416666667      -0.384187806994571     
   2.73548375000000       0.609440833333333      -0.377274760984984     
   2.73548375000000       0.913161250000000      -0.366635219839569     
   2.73548375000000        1.21688166666667      -0.353151037734815     
   2.73548375000000        1.52060208333333      -0.338218623300580     
   2.73548375000000        1.82432250000000      -0.322837608475869     
   2.73548375000000        2.12804291666667      -0.307393497247134     
   2.73548375000000        2.43176333333333      -0.292061922968597     
   2.73548375000000        2.73548375000000      -0.277025431238499     
   2.73548375000000        3.03920416666667      -0.262538685461514     
   2.73548375000000        3.34292458333333      -0.248877813057703     
   2.73548375000000        3.64664500000000      -0.236242062818328     
   2.73548375000000        3.95036541666667      -0.224684832252727     
   2.73548375000000        4.25408583333333      -0.214113902313677     
   2.73548375000000        4.55780625000000      -0.204351753969207     
   2.73548375000000        4.86152666666667      -0.195220856208093     
   2.73548375000000        5.16524708333333      -0.186614099089144     
   2.73548375000000        5.46896750000000      -0.178520788690743     
   2.73548375000000        5.77268791666667      -0.170998268306797     
   2.73548375000000        6.07640833333333      -0.164100305693929     
   2.73548375000000        6.38012875000000      -0.157800481709808     
   2.73548375000000        6.68384916666667      -0.152245277990953     
   2.73548375000000        6.98756958333333      -0.147781233108066     
   2.73548375000000        7.29129000000000      -0.144258516016659     
   3.03920416666667       2.000000000000000E-003 -0.354195805817382     
   3.03920416666667       0.305720416666667      -0.352171477826741     
   3.03920416666667       0.609440833333333      -0.345831213033839     
   3.03920416666667       0.913161250000000      -0.336108524892462     
   3.03920416666667        1.21688166666667      -0.324680981587801     
   3.03920416666667        1.52060208333333      -0.312655733520371     
   3.03920416666667        1.82432250000000      -0.300378179298222     
   3.03920416666667        2.12804291666667      -0.287882067417078     
   3.03920416666667        2.43176333333333      -0.275212687043488     
   3.03920416666667        2.73548375000000      -0.262538782880393     
   3.03920416666667        3.03920416666667      -0.250142954897923     
   3.03920416666667        3.34292458333333      -0.238323564130330     
   3.03920416666667        3.64664500000000      -0.227279583376898     
   3.03920416666667        3.95036541666667      -0.217051717516701     
   3.03920416666667        4.25408583333333      -0.207546842104051     
   3.03920416666667        4.55780625000000      -0.198620906122876     
   3.03920416666667        4.86152666666667      -0.190164332632004     
   3.03920416666667        5.16524708333333      -0.182148611039651     
   3.03920416666667        5.46896750000000      -0.174621494945657     
   3.03920416666667        5.77268791666667      -0.167656965633540     
   3.03920416666667        6.07640833333333      -0.161262462645846     
   3.03920416666667        6.38012875000000      -0.155394867646352     
   3.03920416666667        6.68384916666667      -0.150376795197237     
   3.03920416666667        6.98756958333333      -0.146510199770840     
   3.03920416666667        7.29129000000000      -0.143861961489309     
   3.34292458333333       2.000000000000000E-003 -0.326388812792700     
   3.34292458333333       0.305720416666667      -0.325468234184753     
   3.34292458333333       0.609440833333333      -0.320088227399859     
   3.34292458333333       0.913161250000000      -0.311031533674884     
   3.34292458333333        1.21688166666667      -0.300759017580443     
   3.34292458333333        1.52060208333333      -0.290530885554316     
   3.34292458333333        1.82432250000000      -0.280412111595987     
   3.34292458333333        2.12804291666667      -0.270108055546315     
   3.34292458333333        2.43176333333333      -0.259555668786283     
   3.34292458333333        2.73548375000000      -0.248877973503371     
   3.34292458333333        3.03920416666667      -0.238323632188119     
   3.34292458333333        3.34292458333333      -0.228153607046556     
   3.34292458333333        3.64664500000000      -0.218534471810528     
   3.34292458333333        3.95036541666667      -0.209493804037799     
   3.34292458333333        4.25408583333333      -0.200955354159179     
   3.34292458333333        4.55780625000000      -0.192823849558307     
   3.34292458333333        4.86152666666667      -0.185056273220864     
   3.34292458333333        5.16524708333333      -0.177683908252607     
   3.34292458333333        5.46896750000000      -0.170790122781428     
   3.34292458333333        5.77268791666667      -0.164458261724343     
   3.34292458333333        6.07640833333333      -0.158681586983547     
   3.34292458333333        6.38012875000000      -0.153552816412419     
   3.34292458333333        6.68384916666667      -0.149141961729417     
   3.34292458333333        6.98756958333333      -0.145598174736790     
   3.34292458333333        7.29129000000000      -0.143547407186454     
   3.64664500000000       2.000000000000000E-003 -0.304430416900508     
   3.64664500000000       0.305720416666667      -0.298543904812657     
   3.64664500000000       0.609440833333333      -0.294131702665313     
   3.64664500000000       0.913161250000000      -0.287153200485630     
   3.64664500000000        1.21688166666667      -0.278960565348519     
   3.64664500000000        1.52060208333333      -0.270687955241375     
   3.64664500000000        1.82432250000000      -0.262437104281104     
   3.64664500000000        2.12804291666667      -0.253967708212048     
   3.64664500000000        2.43176333333333      -0.245206033272051     
   3.64664500000000        2.73548375000000      -0.236242226450968     
   3.64664500000000        3.03920416666667      -0.227279664502393     
   3.64664500000000        3.34292458333333      -0.218534488964906     
   3.64664500000000        3.64664500000000      -0.210145886762689     
   3.64664500000000        3.95036541666667      -0.202143581206383     
   3.64664500000000        4.25408583333333      -0.194481280058659     
   3.64664500000000        4.55780625000000      -0.187111138359771     
   3.64664500000000        4.86152666666667      -0.180037161373993     
   3.64664500000000        5.16524708333333      -0.173322273981544     
   3.64664500000000        5.46896750000000      -0.167064756959695     
   3.64664500000000        5.77268791666667      -0.161363628694835     
   3.64664500000000        6.07640833333333      -0.156285918193540     
   3.64664500000000        6.38012875000000      -0.152037577221746     
   3.64664500000000        6.68384916666667      -0.148554323776400     
   3.64664500000000        6.98756958333333      -0.145539644485431     
   3.64664500000000        7.29129000000000      -0.143595885976942     
   3.95036541666667       2.000000000000000E-003 -0.271629174840299     
   3.95036541666667       0.305720416666667      -0.270273294871637     
   3.95036541666667       0.609440833333333      -0.268181504755480     
   3.95036541666667       0.913161250000000      -0.264195581138366     
   3.95036541666667        1.21688166666667      -0.258789578715030     
   3.95036541666667        1.52060208333333      -0.252741269177920     
   3.95036541666667        1.82432250000000      -0.246267490594630     
   3.95036541666667        2.12804291666667      -0.239423711087761     
   3.95036541666667        2.43176333333333      -0.232201136810578     
   3.95036541666667        2.73548375000000      -0.224684930867981     
   3.95036541666667        3.03920416666667      -0.217051748483440     
   3.95036541666667        3.34292458333333      -0.209493778902888     
   3.95036541666667        3.64664500000000      -0.202143541822329     
   3.95036541666667        3.95036541666667      -0.195046586249859     
   3.95036541666667        4.25408583333333      -0.188189120485298     
   3.95036541666667        4.55780625000000      -0.181555325487510     
   3.95036541666667        4.86152666666667      -0.175167137460577     
   3.95036541666667        5.16524708333333      -0.169089211116277     
   3.95036541666667        5.46896750000000      -0.163414882553933     
   3.95036541666667        5.77268791666667      -0.158253703966704     
   3.95036541666667        6.07640833333333      -0.153741018122153     
   3.95036541666667        6.38012875000000      -0.150137127768600     
   3.95036541666667        6.68384916666667      -0.147374254011902     
   3.95036541666667        6.98756958333333      -0.144624548419080     
   3.95036541666667        7.29129000000000      -0.140322292937691     
   4.25408583333333       2.000000000000000E-003 -0.246521392904614     
   4.25408583333333       0.305720416666667      -0.246658267068399     
   4.25408583333333       0.609440833333333      -0.246194505808451     
   4.25408583333333       0.913161250000000      -0.244293987082495     
   4.25408583333333        1.21688166666667      -0.241137951027879     
   4.25408583333333        1.52060208333333      -0.236862549516691     
   4.25408583333333        1.82432250000000      -0.231904333326809     
   4.25408583333333        2.12804291666667      -0.226426393256659     
   4.25408583333333        2.43176333333333      -0.220464845512692     
   4.25408583333333        2.73548375000000      -0.214113887405947     
   4.25408583333333        3.03920416666667      -0.207546780057566     
   4.25408583333333        3.34292458333333      -0.200955248414324     
   4.25408583333333        3.64664500000000      -0.194481165758649     
   4.25408583333333        3.95036541666667      -0.188189046999676     
   4.25408583333333        4.25408583333333      -0.182086273820692     
   4.25408583333333        4.55780625000000      -0.176166459391246     
   4.25408583333333        4.86152666666667      -0.170442830234373     
   4.25408583333333        5.16524708333333      -0.164959666359143     
   4.25408583333333        5.46896750000000      -0.159790992075009     
   4.25408583333333        5.77268791666667      -0.155038149602825     
   4.25408583333333        6.07640833333333      -0.150835470692846     
   4.25408583333333        6.38012875000000      -0.147367338359442     
   4.25408583333333        6.68384916666667      -0.144527727494298     
   4.25408583333333        6.98756958333333      -0.141479622565774     
   4.25408583333333        7.29129000000000      -0.137231711534409     
   4.55780625000000       2.000000000000000E-003 -0.230020459598939     
   4.55780625000000       0.305720416666667      -0.230051719494083     
   4.55780625000000       0.609440833333333      -0.229711739899642     
   4.55780625000000       0.913161250000000      -0.228591858768081     
   4.55780625000000        1.21688166666667      -0.226372272916484     
   4.55780625000000        1.52060208333333      -0.223173690510375     
   4.55780625000000        1.82432250000000      -0.219299161888890     
   4.55780625000000        2.12804291666667      -0.214834206495584     
   4.55780625000000        2.43176333333333      -0.209816707693235     
   4.55780625000000        2.73548375000000      -0.204351618251947     
   4.55780625000000        3.03920416666667      -0.198620750270834     
   4.55780625000000        3.34292458333333      -0.192823667605628     
   4.55780625000000        3.64664500000000      -0.187110955690987     
   4.55780625000000        3.95036541666667      -0.181555184162754     
   4.55780625000000        4.25408583333333      -0.176166389124232     
   4.55780625000000        4.55780625000000      -0.170928569283147     
   4.55780625000000        4.86152666666667      -0.165832651722481     
   4.55780625000000        5.16524708333333      -0.160895974698594     
   4.55780625000000        5.46896750000000      -0.156169783532089     
   4.55780625000000        5.77268791666667      -0.151736911676797     
   4.55780625000000        6.07640833333333      -0.147695575201356     
   4.55780625000000        6.38012875000000      -0.144115746329380     
   4.55780625000000        6.68384916666667      -0.140903657346081     
   4.55780625000000        6.98756958333333      -0.137593034117759     
   4.55780625000000        7.29129000000000      -0.133771600180772     
   4.86152666666667       2.000000000000000E-003 -0.218131542623964     
   4.86152666666667       0.305720416666667      -0.217988401797169     
   4.86152666666667       0.609440833333333      -0.217403542131680     
   4.86152666666667       0.913161250000000      -0.216137905359122     
   4.86152666666667        1.21688166666667      -0.214131985536129     
   4.86152666666667        1.52060208333333      -0.211475732997665     
   4.86152666666667        1.82432250000000      -0.208231002403781     
   4.86152666666667        2.12804291666667      -0.204405126040703     
   4.86152666666667        2.43176333333333      -0.200029896684607     
   4.86152666666667        2.73548375000000      -0.195220635101842     
   4.86152666666667        3.03920416666667      -0.190164124126917     
   4.86152666666667        3.34292458333333      -0.185056059353764     
   4.86152666666667        3.64664500000000      -0.180036952961390     
   4.86152666666667        3.95036541666667      -0.175166965010275     
   4.86152666666667        4.25408583333333      -0.170442718776633     
   4.86152666666667        4.55780625000000      -0.165832603214867     
   4.86152666666667        4.86152666666667      -0.161309959825300     
   4.86152666666667        5.16524708333333      -0.156874661224222     
   4.86152666666667        5.46896750000000      -0.152562498352206     
   4.86152666666667        5.77268791666667      -0.148439487859832     
   4.86152666666667        6.07640833333333      -0.144576319611329     
   4.86152666666667        6.38012875000000      -0.140999927238371     
   4.86152666666667        6.68384916666667      -0.137631388216056     
   4.86152666666667        6.98756958333333      -0.134277928494500     
   4.86152666666667        7.29129000000000      -0.130846557276869     
   5.16524708333333       2.000000000000000E-003 -0.208638280227800     
   5.16524708333333       0.305720416666667      -0.208332393007287     
   5.16524708333333       0.609440833333333      -0.207391269554638     
   5.16524708333333       0.913161250000000      -0.205872406653007     
   5.16524708333333        1.21688166666667      -0.203845926431457     
   5.16524708333333        1.52060208333333      -0.201346508197004     
   5.16524708333333        1.82432250000000      -0.198360563674280     
   5.16524708333333        2.12804291666667      -0.194869811473458     
   5.16524708333333        2.43176333333333      -0.190913258653959     
   5.16524708333333        2.73548375000000      -0.186613852984754     
   5.16524708333333        3.03920416666667      -0.182148411254617     
   5.16524708333333        3.34292458333333      -0.177683719600820     
   5.16524708333333        3.64664500000000      -0.173322086622088     
   5.16524708333333        3.95036541666667      -0.169089040799507     
   5.16524708333333        4.25408583333333      -0.164959534370583     
   5.16524708333333        4.55780625000000      -0.160895889007657     
   5.16524708333333        4.86152666666667      -0.156874617248132     
   5.16524708333333        5.16524708333333      -0.152898849001994     
   5.16524708333333        5.46896750000000      -0.149000383013152     
   5.16524708333333        5.77268791666667      -0.145230652017873     
   5.16524708333333        6.07640833333333      -0.141636396946144     
   5.16524708333333        6.38012875000000      -0.138226771239893     
   5.16524708333333        6.68384916666667      -0.134963562278573     
   5.16524708333333        6.98756958333333      -0.131813948523709     
   5.16524708333333        7.29129000000000      -0.128728136704363     
   5.46896750000000       2.000000000000000E-003 -0.200345248141243     
   5.46896750000000       0.305720416666667      -0.199975636725412     
   5.46896750000000       0.609440833333333      -0.198866597836056     
   5.46896750000000       0.913161250000000      -0.197141067221271     
   5.46896750000000        1.21688166666667      -0.194929042392550     
   5.46896750000000        1.52060208333333      -0.192329372752131     
   5.46896750000000        1.82432250000000      -0.189366202850587     
   5.46896750000000        2.12804291666667      -0.186029609743240     
   5.46896750000000        2.43176333333333      -0.182373211439569     
   5.46896750000000        2.73548375000000      -0.178520580464468     
   5.46896750000000        3.03920416666667      -0.174621358426710     
   5.46896750000000        3.34292458333333      -0.170789995302716     
   5.46896750000000        3.64664500000000      -0.167064601753571     
   5.46896750000000        3.95036541666667      -0.163414703584238     
   5.46896750000000        4.25408583333333      -0.159790815684320     
   5.46896750000000        4.55780625000000      -0.156169631791111     
   5.46896750000000        4.86152666666667      -0.152562380791752     
   5.46896750000000        5.16524708333333      -0.149000309039229     
   5.46896750000000        5.46896750000000      -0.145521557681194     
   5.46896750000000        5.77268791666667      -0.142160703395636     
   5.46896750000000        6.07640833333333      -0.138933300636023     
   5.46896750000000        6.38012875000000      -0.135850996884526     
   5.46896750000000        6.68384916666667      -0.132914824160197     
   5.46896750000000        6.98756958333333      -0.130080678112557     
   5.46896750000000        7.29129000000000      -0.127304562982176     
   5.77268791666667       2.000000000000000E-003 -0.192231433092542     
   5.77268791666667       0.305720416666667      -0.191918333865888     
   5.77268791666667       0.609440833333333      -0.190891271035778     
   5.77268791666667       0.913161250000000      -0.189126092069528     
   5.77268791666667        1.21688166666667      -0.186793784989561     
   5.77268791666667        1.52060208333333      -0.184066350234149     
   5.77268791666667        1.82432250000000      -0.181046740553775     
   5.77268791666667        2.12804291666667      -0.177808719772782     
   5.77268791666667        2.43176333333333      -0.174420897154033     
   5.77268791666667        2.73548375000000      -0.170998154264163     
   5.77268791666667        3.03920416666667      -0.167656929626097     
   5.77268791666667        3.34292458333333      -0.164458189444086     
   5.77268791666667        3.64664500000000      -0.161363448210115     
   5.77268791666667        3.95036541666667      -0.158253430016274     
   5.77268791666667        4.25408583333333      -0.155037842478397     
   5.77268791666667        4.55780625000000      -0.151736619577835     
   5.77268791666667        4.86152666666667      -0.148439232710358     
   5.77268791666667        5.16524708333333      -0.145230442265328     
   5.77268791666667        5.46896750000000      -0.142160559609821     
   5.77268791666667        5.77268791666667      -0.139246681913481     
   5.77268791666667        6.07640833333333      -0.136470546904162     
   5.77268791666667        6.38012875000000      -0.133821794759531     
   5.77268791666667        6.68384916666667      -0.131298688622342     
   5.77268791666667        6.98756958333333      -0.128852721102510     
   5.77268791666667        7.29129000000000      -0.126374653668720     
   6.07640833333333       2.000000000000000E-003 -0.183294497896187     
   6.07640833333333       0.305720416666667      -0.183361999479928     
   6.07640833333333       0.609440833333333      -0.182922966247045     
   6.07640833333333       0.913161250000000      -0.181423520571170     
   6.07640833333333        1.21688166666667      -0.179105348771015     
   6.07640833333333        1.52060208333333      -0.176340886714095     
   6.07640833333333        1.82432250000000      -0.173333163119016     
   6.07640833333333        2.12804291666667      -0.170231128956918     
   6.07640833333333        2.43176333333333      -0.167122205752027     
   6.07640833333333        2.73548375000000      -0.164100351063839     
   6.07640833333333        3.03920416666667      -0.161262573437108     
   6.07640833333333        3.34292458333333      -0.158681523264444     
   6.07640833333333        3.64664500000000      -0.156285557193639     
   6.07640833333333        3.95036541666667      -0.153740444924960     
   6.07640833333333        4.25408583333333      -0.150834882430562     
   6.07640833333333        4.55780625000000      -0.147695048343156     
   6.07640833333333        4.86152666666667      -0.144575858154821     
   6.07640833333333        5.16524708333333      -0.141635977996749     
   6.07640833333333        5.46896750000000      -0.138932906066054     
   6.07640833333333        5.77268791666667      -0.136470297167242     
   6.07640833333333        6.07640833333333      -0.134161005278323     
   6.07640833333333        6.38012875000000      -0.131966673721997     
   6.07640833333333        6.68384916666667      -0.129903988790496     
   6.07640833333333        6.98756958333333      -0.127933900304822     
   6.07640833333333        7.29129000000000      -0.125798277264769     
   6.38012875000000       2.000000000000000E-003 -0.172943955527825     
   6.38012875000000       0.305720416666667      -0.174211644873368     
   6.38012875000000       0.609440833333333      -0.175257758091641     
   6.38012875000000       0.913161250000000      -0.174192007889440     
   6.38012875000000        1.21688166666667      -0.171908370653830     
   6.38012875000000        1.52060208333333      -0.169177330628290     
   6.38012875000000        1.82432250000000      -0.166263163797194     
   6.38012875000000        2.12804291666667      -0.163350856209718     
   6.38012875000000        2.43176333333333      -0.160531152823418     
   6.38012875000000        2.73548375000000      -0.157800798127734     
   6.38012875000000        3.03920416666667      -0.155395247712467     
   6.38012875000000        3.34292458333333      -0.153552897773693     
   6.38012875000000        3.64664500000000      -0.152037133543616     
   6.38012875000000        3.95036541666667      -0.150136277948411     
   6.38012875000000        4.25408583333333      -0.147366375465405     
   6.38012875000000        4.55780625000000      -0.144114920281960     
   6.38012875000000        4.86152666666667      -0.140999233503695     
   6.38012875000000        5.16524708333333      -0.138226098679849     
   6.38012875000000        5.46896750000000      -0.135850315745516     
   6.38012875000000        5.77268791666667      -0.133821281134132     
   6.38012875000000        6.07640833333333      -0.131966438632096     
   6.38012875000000        6.38012875000000      -0.130200494240656     
   6.38012875000000        6.68384916666667      -0.128564572094521     
   6.38012875000000        6.98756958333333      -0.127159361398063     
   6.38012875000000        7.29129000000000      -0.125494193486212     
   6.68384916666667       2.000000000000000E-003 -0.162494446845799     
   6.68384916666667       0.305720416666667      -0.166554951135098     
   6.68384916666667       0.609440833333333      -0.169232430370908     
   6.68384916666667       0.913161250000000      -0.167851906566766     
   6.68384916666667        1.21688166666667      -0.165343530393142     
   6.68384916666667        1.52060208333333      -0.162662660333685     
   6.68384916666667        1.82432250000000      -0.159911972191067     
   6.68384916666667        2.12804291666667      -0.157203501215913     
   6.68384916666667        2.43176333333333      -0.154672754014484     
   6.68384916666667        2.73548375000000      -0.152245884685213     
   6.68384916666667        3.03920416666667      -0.150377543587502     
   6.68384916666667        3.34292458333333      -0.149142365438649     
   6.68384916666667        3.64664500000000      -0.148553896033208     
   6.68384916666667        3.95036541666667      -0.147373232307149     
   6.68384916666667        4.25408583333333      -0.144526543981404     
   6.68384916666667        4.55780625000000      -0.140902582979967     
   6.68384916666667        4.86152666666667      -0.137630518898149     
   6.68384916666667        5.16524708333333      -0.134962675677853     
   6.68384916666667        5.46896750000000      -0.132913929986516     
   6.68384916666667        5.77268791666667      -0.131297983985949     
   6.68384916666667        6.07640833333333      -0.129903614249053     
   6.68384916666667        6.38012875000000      -0.128564463200742     
   6.68384916666667        6.68384916666667      -0.127207636890596     
   6.68384916666667        6.98756958333333      -0.126234408753336     
   6.68384916666667        7.29129000000000      -0.125279610739653     
   6.98756958333333       2.000000000000000E-003 -0.159191336982513     
   6.98756958333333       0.305720416666667      -0.164419957309557     
   6.98756958333333       0.609440833333333      -0.164979985833627     
   6.98756958333333       0.913161250000000      -0.162153476451170     
   6.98756958333333        1.21688166666667      -0.159375683933056     
   6.98756958333333        1.52060208333333      -0.156809670951522     
   6.98756958333333        1.82432250000000      -0.154269679473283     
   6.98756958333333        2.12804291666667      -0.151816433751857     
   6.98756958333333        2.43176333333333      -0.149597111303432     
   6.98756958333333        2.73548375000000      -0.147781938939778     
   6.98756958333333        3.03920416666667      -0.146511203199143     
   6.98756958333333        3.34292458333333      -0.145598978664682     
   6.98756958333333        3.64664500000000      -0.145539562112790     
   6.98756958333333        3.95036541666667      -0.144623720386661     
   6.98756958333333        4.25408583333333      -0.141478469051541     
   6.98756958333333        4.55780625000000      -0.137591867842024     
   6.98756958333333        4.86152666666667      -0.134277011273259     
   6.98756958333333        5.16524708333333      -0.131813004289377     
   6.98756958333333        5.46896750000000      -0.130079711217572     
   6.98756958333333        5.77268791666667      -0.128851941017036     
   6.98756958333333        6.07640833333333      -0.127933468601322     
   6.98756958333333        6.38012875000000      -0.127159165411463     
   6.98756958333333        6.68384916666667      -0.126234115298026     
   6.98756958333333        6.98756958333333      -0.125004289369920     
   6.98756958333333        7.29129000000000      -0.124323700284564     
   7.29129000000000       2.000000000000000E-003 -0.159634909058069     
   7.29129000000000       0.305720416666667      -0.160256076758055     
   7.29129000000000       0.609440833333333      -0.159169391669967     
   7.29129000000000       0.913161250000000      -0.156451230810553     
   7.29129000000000        1.21688166666667      -0.153910280904667     
   7.29129000000000        1.52060208333333      -0.151557977013637     
   7.29129000000000        1.82432250000000      -0.149253139750573     
   7.29129000000000        2.12804291666667      -0.147084245101528     
   7.29129000000000        2.43176333333333      -0.145326457687151     
   7.29129000000000        2.73548375000000      -0.144259000960716     
   7.29129000000000        3.03920416666667      -0.143862652794529     
   7.29129000000000        3.34292458333333      -0.143547894183180     
   7.29129000000000        3.64664500000000      -0.143596003749552     
   7.29129000000000        3.95036541666667      -0.140321750275559     
   7.29129000000000        4.25408583333333      -0.137230657607503     
   7.29129000000000        4.55780625000000      -0.133770485777799     
   7.29129000000000        4.86152666666667      -0.130845720117189     
   7.29129000000000        5.16524708333333      -0.128727312434748     
   7.29129000000000        5.46896750000000      -0.127303697662600     
   7.29129000000000        5.77268791666667      -0.126373926159740     
   7.29129000000000        6.07640833333333      -0.125797854580608     
   7.29129000000000        6.38012875000000      -0.125493937494870     
   7.29129000000000        6.68384916666667      -0.125279022101389     
   7.29129000000000        6.98756958333333      -0.124323086131467     
   7.29129000000000        7.29129000000000      -0.121642885755711     
