  2.000000000000000E-003  2.000000000000000E-003 -0.262437104281101     
  2.000000000000000E-003  0.305720416666667      -0.268152468119223     
  2.000000000000000E-003  0.609440833333333      -0.267757802779879     
  2.000000000000000E-003  0.913161250000000      -0.266644095241451     
  2.000000000000000E-003   1.21688166666667      -0.265015222472573     
  2.000000000000000E-003   1.52060208333333      -0.262980654026320     
  2.000000000000000E-003   1.82432250000000      -0.260784031520593     
  2.000000000000000E-003   2.12804291666667      -0.258891853640747     
  2.000000000000000E-003   2.43176333333333      -0.258073096946962     
  2.000000000000000E-003   2.73548375000000      -0.258615585945833     
  2.000000000000000E-003   3.03920416666667      -0.259577516214903     
  2.000000000000000E-003   3.34292458333333      -0.257945464879142     
  2.000000000000000E-003   3.64664500000000      -0.252500642186919     
  2.000000000000000E-003   3.95036541666667      -0.244164915448907     
  2.000000000000000E-003   4.25408583333333      -0.233236186840925     
  2.000000000000000E-003   4.55780625000000      -0.220909994063372     
  2.000000000000000E-003   4.86152666666667      -0.209834825872627     
  2.000000000000000E-003   5.16524708333333      -0.200818747689190     
  2.000000000000000E-003   5.46896750000000      -0.193705873347354     
  2.000000000000000E-003   5.77268791666667      -0.187913610924994     
  2.000000000000000E-003   6.07640833333333      -0.183211572852353     
  2.000000000000000E-003   6.38012875000000      -0.179664531858139     
  2.000000000000000E-003   6.68384916666667      -0.177091784518644     
  2.000000000000000E-003   6.98756958333333      -0.173202875002582     
  2.000000000000000E-003   7.29129000000000      -0.167082225464063     
  0.305720416666667       2.000000000000000E-003 -0.278605265182360     
  0.305720416666667       0.305720416666667      -0.280688671366744     
  0.305720416666667       0.609440833333333      -0.280529410227529     
  0.305720416666667       0.913161250000000      -0.282874642549230     
  0.305720416666667        1.21688166666667      -0.283302277919085     
  0.305720416666667        1.52060208333333      -0.282124815959720     
  0.305720416666667        1.82432250000000      -0.280158654988669     
  0.305720416666667        2.12804291666667      -0.278146100608782     
  0.305720416666667        2.43176333333333      -0.277021394480801     
  0.305720416666667        2.73548375000000      -0.277090010938775     
  0.305720416666667        3.03920416666667      -0.277151166929627     
  0.305720416666667        3.34292458333333      -0.274007427111321     
  0.305720416666667        3.64664500000000      -0.264403191123586     
  0.305720416666667        3.95036541666667      -0.251658646508327     
  0.305720416666667        4.25408583333333      -0.239539589620162     
  0.305720416666667        4.55780625000000      -0.227666133290946     
  0.305720416666667        4.86152666666667      -0.217050226203864     
  0.305720416666667        5.16524708333333      -0.207989918323871     
  0.305720416666667        5.46896750000000      -0.200358037396045     
  0.305720416666667        5.77268791666667      -0.193830738212131     
  0.305720416666667        6.07640833333333      -0.188088625620708     
  0.305720416666667        6.38012875000000      -0.182910164124062     
  0.305720416666667        6.68384916666667      -0.177961323375301     
  0.305720416666667        6.98756958333333      -0.174017554916672     
  0.305720416666667        7.29129000000000      -0.171202014723604     
  0.609440833333333       2.000000000000000E-003 -0.289622930768868     
  0.609440833333333       0.305720416666667      -0.297132928980184     
  0.609440833333333       0.609440833333333      -0.300298869316376     
  0.609440833333333       0.913161250000000      -0.302736221500151     
  0.609440833333333        1.21688166666667      -0.303756310113411     
  0.609440833333333        1.52060208333333      -0.303237681474891     
  0.609440833333333        1.82432250000000      -0.301585435527039     
  0.609440833333333        2.12804291666667      -0.299466826294835     
  0.609440833333333        2.43176333333333      -0.297711580054519     
  0.609440833333333        2.73548375000000      -0.296519828531396     
  0.609440833333333        3.03920416666667      -0.294415257767440     
  0.609440833333333        3.34292458333333      -0.288523339066774     
  0.609440833333333        3.64664500000000      -0.276848165549922     
  0.609440833333333        3.95036541666667      -0.262180035537450     
  0.609440833333333        4.25408583333333      -0.248182711157245     
  0.609440833333333        4.55780625000000      -0.235714283272712     
  0.609440833333333        4.86152666666667      -0.225031187856207     
  0.609440833333333        5.16524708333333      -0.215498476782596     
  0.609440833333333        5.46896750000000      -0.207201777206405     
  0.609440833333333        5.77268791666667      -0.199863246386231     
  0.609440833333333        6.07640833333333      -0.193159488287348     
  0.609440833333333        6.38012875000000      -0.186959852793735     
  0.609440833333333        6.68384916666667      -0.181445125915229     
  0.609440833333333        6.98756958333333      -0.177307809658312     
  0.609440833333333        7.29129000000000      -0.172670862337808     
  0.913161250000000       2.000000000000000E-003 -0.299461355181123     
  0.913161250000000       0.305720416666667      -0.310586219841888     
  0.913161250000000       0.609440833333333      -0.318119866230902     
  0.913161250000000       0.913161250000000      -0.322823283789209     
  0.913161250000000        1.21688166666667      -0.325387380187386     
  0.913161250000000        1.52060208333333      -0.325969276034675     
  0.913161250000000        1.82432250000000      -0.324846691077939     
  0.913161250000000        2.12804291666667      -0.322604761123051     
  0.913161250000000        2.43176333333333      -0.319975867993224     
  0.913161250000000        2.73548375000000      -0.316746480489697     
  0.913161250000000        3.03920416666667      -0.311978038434019     
  0.913161250000000        3.34292458333333      -0.303517800347071     
  0.913161250000000        3.64664500000000      -0.290469052507489     
  0.913161250000000        3.95036541666667      -0.274737003440810     
  0.913161250000000        4.25408583333333      -0.259202403905979     
  0.913161250000000        4.55780625000000      -0.245521265849795     
  0.913161250000000        4.86152666666667      -0.233783474684776     
  0.913161250000000        5.16524708333333      -0.223364535447450     
  0.913161250000000        5.46896750000000      -0.214126183423172     
  0.913161250000000        5.77268791666667      -0.205840323074527     
  0.913161250000000        6.07640833333333      -0.198186146062596     
  0.913161250000000        6.38012875000000      -0.191144576783126     
  0.913161250000000        6.68384916666667      -0.184859763196076     
  0.913161250000000        6.98756958333333      -0.179185285593478     
  0.913161250000000        7.29129000000000      -0.173016390891779     
   1.21688166666667       2.000000000000000E-003 -0.311614588496720     
   1.21688166666667       0.305720416666667      -0.324775305069257     
   1.21688166666667       0.609440833333333      -0.335619281726763     
   1.21688166666667       0.913161250000000      -0.343695987826146     
   1.21688166666667        1.21688166666667      -0.348892569539409     
   1.21688166666667        1.52060208333333      -0.351119125421468     
   1.21688166666667        1.82432250000000      -0.350543530865581     
   1.21688166666667        2.12804291666667      -0.348018081709165     
   1.21688166666667        2.43176333333333      -0.344108222748849     
   1.21688166666667        2.73548375000000      -0.338431276757845     
   1.21688166666667        3.03920416666667      -0.330437247834261     
   1.21688166666667        3.34292458333333      -0.319380943007284     
   1.21688166666667        3.64664500000000      -0.304788036206971     
   1.21688166666667        3.95036541666667      -0.287958725809886     
   1.21688166666667        4.25408583333333      -0.271166423804825     
   1.21688166666667        4.55780625000000      -0.256074929129585     
   1.21688166666667        4.86152666666667      -0.242929848981062     
   1.21688166666667        5.16524708333333      -0.231355295656905     
   1.21688166666667        5.46896750000000      -0.220970756796268     
   1.21688166666667        5.77268791666667      -0.211540950044998     
   1.21688166666667        6.07640833333333      -0.202779416301649     
   1.21688166666667        6.38012875000000      -0.194682053081125     
   1.21688166666667        6.68384916666667      -0.187295771104929     
   1.21688166666667        6.98756958333333      -0.180393929670631     
   1.21688166666667        7.29129000000000      -0.173487279480906     
   1.52060208333333       2.000000000000000E-003 -0.327373923874665     
   1.52060208333333       0.305720416666667      -0.342582580232261     
   1.52060208333333       0.609440833333333      -0.356658826830491     
   1.52060208333333       0.913161250000000      -0.368506498367609     
   1.52060208333333        1.21688166666667      -0.376922621155193     
   1.52060208333333        1.52060208333333      -0.380981430411600     
   1.52060208333333        1.82432250000000      -0.380703288036385     
   1.52060208333333        2.12804291666667      -0.377068316874389     
   1.52060208333333        2.43176333333333      -0.370697879775337     
   1.52060208333333        2.73548375000000      -0.361911284413956     
   1.52060208333333        3.03920416666667      -0.350639088303839     
   1.52060208333333        3.34292458333333      -0.336615627151401     
   1.52060208333333        3.64664500000000      -0.319962292449284     
   1.52060208333333        3.95036541666667      -0.301702231198477     
   1.52060208333333        4.25408583333333      -0.283509038046535     
   1.52060208333333        4.55780625000000      -0.266798538657819     
   1.52060208333333        4.86152666666667      -0.252117194087782     
   1.52060208333333        5.16524708333333      -0.239228375490076     
   1.52060208333333        5.46896750000000      -0.227605068714248     
   1.52060208333333        5.77268791666667      -0.216891934766057     
   1.52060208333333        6.07640833333333      -0.206910074594172     
   1.52060208333333        6.38012875000000      -0.197670739050529     
   1.52060208333333        6.68384916666667      -0.189257152485104     
   1.52060208333333        6.98756958333333      -0.181541101746924     
   1.52060208333333        7.29129000000000      -0.174238166769134     
   1.82432250000000       2.000000000000000E-003 -0.347557716271918     
   1.82432250000000       0.305720416666667      -0.365758819374134     
   1.82432250000000       0.609440833333333      -0.384074570888383     
   1.82432250000000       0.913161250000000      -0.400612485517969     
   1.82432250000000        1.21688166666667      -0.412867453987783     
   1.82432250000000        1.52060208333333      -0.418876960519423     
   1.82432250000000        1.82432250000000      -0.418134058361770     
   1.82432250000000        2.12804291666667      -0.411497799088899     
   1.82432250000000        2.43176333333333      -0.400624470477553     
   1.82432250000000        2.73548375000000      -0.387105139524123     
   1.82432250000000        3.03920416666667      -0.371755861924606     
   1.82432250000000        3.34292458333333      -0.354636968290814     
   1.82432250000000        3.64664500000000      -0.335739658186288     
   1.82432250000000        3.95036541666667      -0.315677181135963     
   1.82432250000000        4.25408583333333      -0.295732675813283     
   1.82432250000000        4.55780625000000      -0.277252947189667     
   1.82432250000000        4.86152666666667      -0.260956158596793     
   1.82432250000000        5.16524708333333      -0.246712899830726     
   1.82432250000000        5.46896750000000      -0.233901171442196     
   1.82432250000000        5.77268791666667      -0.221978304387486     
   1.82432250000000        6.07640833333333      -0.210791459217171     
   1.82432250000000        6.38012875000000      -0.200470140152069     
   1.82432250000000        6.68384916666667      -0.191181694990476     
   1.82432250000000        6.98756958333333      -0.182877584845211     
   1.82432250000000        7.29129000000000      -0.175292372065931     
   2.12804291666667       2.000000000000000E-003 -0.373172665036170     
   2.12804291666667       0.305720416666667      -0.396026971696195     
   2.12804291666667       0.609440833333333      -0.420542687148142     
   2.12804291666667       0.913161250000000      -0.443212637993686     
   2.12804291666667        1.21688166666667      -0.459810281272518     
   2.12804291666667        1.52060208333333      -0.467254538023054     
   2.12804291666667        1.82432250000000      -0.464385869317505     
   2.12804291666667        2.12804291666667      -0.452461643877610     
   2.12804291666667        2.43176333333333      -0.434581977165087     
   2.12804291666667        2.73548375000000      -0.414101563645381     
   2.12804291666667        3.03920416666667      -0.393121505671047     
   2.12804291666667        3.34292458333333      -0.372097639147095     
   2.12804291666667        3.64664500000000      -0.350655097115591     
   2.12804291666667        3.95036541666667      -0.328729748152274     
   2.12804291666667        4.25408583333333      -0.307077964236993     
   2.12804291666667        4.55780625000000      -0.286901982666064     
   2.12804291666667        4.86152666666667      -0.269052583502763     
   2.12804291666667        5.16524708333333      -0.253533623632783     
   2.12804291666667        5.46896750000000      -0.239688428955800     
   2.12804291666667        5.77268791666667      -0.226821182556508     
   2.12804291666667        6.07640833333333      -0.214683988596350     
   2.12804291666667        6.38012875000000      -0.203469153890148     
   2.12804291666667        6.68384916666667      -0.193443670137531     
   2.12804291666667        6.98756958333333      -0.184661122465973     
   2.12804291666667        7.29129000000000      -0.176807124822799     
   2.43176333333333       2.000000000000000E-003 -0.405585040746022     
   2.43176333333333       0.305720416666667      -0.435496532105543     
   2.43176333333333       0.609440833333333      -0.469290519545047     
   2.43176333333333       0.913161250000000      -0.498512561488134     
   2.43176333333333        1.21688166666667      -0.518228916951191     
   2.43176333333333        1.52060208333333      -0.525409574380633     
   2.43176333333333        1.82432250000000      -0.518526789951612     
   2.43176333333333        2.12804291666667      -0.499199699183296     
   2.43176333333333        2.43176333333333      -0.472059245510352     
   2.43176333333333        2.73548375000000      -0.442517235202485     
   2.43176333333333        3.03920416666667      -0.414282571956133     
   2.43176333333333        3.34292458333333      -0.388368570187525     
   2.43176333333333        3.64664500000000      -0.363975159600192     
   2.43176333333333        3.95036541666667      -0.340168903170977     
   2.43176333333333        4.25408583333333      -0.316976829743353     
   2.43176333333333        4.55780625000000      -0.295310831151229     
   2.43176333333333        4.86152666666667      -0.276088925704329     
   2.43176333333333        5.16524708333333      -0.259461482989798     
   2.43176333333333        5.46896750000000      -0.244790187114320     
   2.43176333333333        5.77268791666667      -0.231264045163161     
   2.43176333333333        6.07640833333333      -0.218523681011679     
   2.43176333333333        6.38012875000000      -0.206762192956068     
   2.43176333333333        6.68384916666667      -0.196306088442703     
   2.43176333333333        6.98756958333333      -0.187177288492320     
   2.43176333333333        7.29129000000000      -0.179106817893201     
   2.73548375000000       2.000000000000000E-003 -0.448012633228148     
   2.73548375000000       0.305720416666667      -0.488092164021972     
   2.73548375000000       0.609440833333333      -0.534735443945895     
   2.73548375000000       0.913161250000000      -0.569189117731992     
   2.73548375000000        1.21688166666667      -0.586015665519780     
   2.73548375000000        1.52060208333333      -0.589089878796672     
   2.73548375000000        1.82432250000000      -0.576073935286505     
   2.73548375000000        2.12804291666667      -0.547953447693529     
   2.73548375000000        2.43176333333333      -0.510372450147312     
   2.73548375000000        2.73548375000000      -0.470681612683843     
   2.73548375000000        3.03920416666667      -0.434287905910074     
   2.73548375000000        3.34292458333333      -0.402890675085785     
   2.73548375000000        3.64664500000000      -0.375297588026833     
   2.73548375000000        3.95036541666667      -0.349633785649916     
   2.73548375000000        4.25408583333333      -0.325092029170260     
   2.73548375000000        4.55780625000000      -0.302191304511566     
   2.73548375000000        4.86152666666667      -0.281841381044979     
   2.73548375000000        5.16524708333333      -0.264321216882615     
   2.73548375000000        5.46896750000000      -0.249043933541431     
   2.73548375000000        5.77268791666667      -0.235125707278188     
   2.73548375000000        6.07640833333333      -0.222112610685810     
   2.73548375000000        6.38012875000000      -0.210177666758797     
   2.73548375000000        6.68384916666667      -0.199656869392874     
   2.73548375000000        6.98756958333333      -0.190587517902193     
   2.73548375000000        7.29129000000000      -0.182504955179601     
   3.03920416666667       2.000000000000000E-003 -0.500214984968485     
   3.03920416666667       0.305720416666667      -0.554970919827170     
   3.03920416666667       0.609440833333333      -0.615505440472970     
   3.03920416666667       0.913161250000000      -0.652880366542985     
   3.03920416666667        1.21688166666667      -0.657621866089066     
   3.03920416666667        1.52060208333333      -0.649878368387106     
   3.03920416666667        1.82432250000000      -0.628878254915634     
   3.03920416666667        2.12804291666667      -0.591952118010770     
   3.03920416666667        2.43176333333333      -0.544541617824447     
   3.03920416666667        2.73548375000000      -0.495377719191810     
   3.03920416666667        3.03920416666667      -0.451336783370891     
   3.03920416666667        3.34292458333333      -0.414787831817254     
   3.03920416666667        3.64664500000000      -0.384212609250712     
   3.03920416666667        3.95036541666667      -0.356871750560732     
   3.03920416666667        4.25408583333333      -0.331199011394202     
   3.03920416666667        4.55780625000000      -0.307334990103907     
   3.03920416666667        4.86152666666667      -0.286132491247586     
   3.03920416666667        5.16524708333333      -0.267957900519444     
   3.03920416666667        5.46896750000000      -0.252281721871420     
   3.03920416666667        5.77268791666667      -0.238188791311386     
   3.03920416666667        6.07640833333333      -0.225187846445321     
   3.03920416666667        6.38012875000000      -0.213477901421874     
   3.03920416666667        6.68384916666667      -0.203253037836362     
   3.03920416666667        6.98756958333333      -0.194491134549504     
   3.03920416666667        7.29129000000000      -0.186559368741333     
   3.34292458333333       2.000000000000000E-003 -0.551131626902723     
   3.34292458333333       0.305720416666667      -0.625860386735777     
   3.34292458333333       0.609440833333333      -0.694723008766859     
   3.34292458333333       0.913161250000000      -0.726039528853698     
   3.34292458333333        1.21688166666667      -0.718820589660173     
   3.34292458333333        1.52060208333333      -0.695377348010141     
   3.34292458333333        1.82432250000000      -0.666662730789443     
   3.34292458333333        2.12804291666667      -0.622971567956976     
   3.34292458333333        2.43176333333333      -0.568461086340184     
   3.34292458333333        2.73548375000000      -0.512531177028245     
   3.34292458333333        3.03920416666667      -0.463031205474817     
   3.34292458333333        3.34292458333333      -0.422810604100912     
   3.34292458333333        3.64664500000000      -0.390106064733152     
   3.34292458333333        3.95036541666667      -0.361541037112364     
   3.34292458333333        4.25408583333333      -0.335053620455421     
   3.34292458333333        4.55780625000000      -0.310541009484448     
   3.34292458333333        4.86152666666667      -0.288793943948748     
   3.34292458333333        5.16524708333333      -0.270219046549643     
   3.34292458333333        5.46896750000000      -0.254325045232404     
   3.34292458333333        5.77268791666667      -0.240192136426619     
   3.34292458333333        6.07640833333333      -0.227347901353785     
   3.34292458333333        6.38012875000000      -0.215963733470081     
   3.34292458333333        6.68384916666667      -0.205995582037390     
   3.34292458333333        6.98756958333333      -0.197389067402825     
   3.34292458333333        7.29129000000000      -0.189536335178251     
   3.64664500000000       2.000000000000000E-003 -0.569499722224180     
   3.64664500000000       0.305720416666667      -0.662573576329488     
   3.64664500000000       0.609440833333333      -0.730665696899601     
   3.64664500000000       0.913161250000000      -0.755809007899823     
   3.64664500000000        1.21688166666667      -0.742955085263855     
   3.64664500000000        1.52060208333333      -0.712456542888737     
   3.64664500000000        1.82432250000000      -0.680410160669302     
   3.64664500000000        2.12804291666667      -0.634161142259476     
   3.64664500000000        2.43176333333333      -0.577064048828740     
   3.64664500000000        2.73548375000000      -0.518685806770081     
   3.64664500000000        3.03920416666667      -0.467214218819156     
   3.64664500000000        3.34292458333333      -0.425674464327891     
   3.64664500000000        3.64664500000000      -0.392203765789900     
   3.64664500000000        3.95036541666667      -0.363178265042498     
   3.64664500000000        4.25408583333333      -0.336379581354872     
   3.64664500000000        4.55780625000000      -0.311630847037108     
   3.64664500000000        4.86152666666667      -0.289694661175917     
   3.64664500000000        5.16524708333333      -0.270986217884798     
   3.64664500000000        5.46896750000000      -0.255026103641952     
   3.64664500000000        5.77268791666667      -0.240896298173684     
   3.64664500000000        6.07640833333333      -0.228139797168020     
   3.64664500000000        6.38012875000000      -0.216897054413957     
   3.64664500000000        6.68384916666667      -0.206995461817870     
   3.64664500000000        6.98756958333333      -0.198369344459184     
   3.64664500000000        7.29129000000000      -0.191323127632155     
   3.95036541666667       2.000000000000000E-003 -0.551014530497102     
   3.95036541666667       0.305720416666667      -0.624520560418578     
   3.95036541666667       0.609440833333333      -0.693471304106700     
   3.95036541666667       0.913161250000000      -0.725213162469440     
   3.95036541666667        1.21688166666667      -0.718336419967869     
   3.95036541666667        1.52060208333333      -0.695087742281700     
   3.95036541666667        1.82432250000000      -0.666476817744022     
   3.95036541666667        2.12804291666667      -0.622854187067794     
   3.95036541666667        2.43176333333333      -0.568390106406387     
   3.95036541666667        2.73548375000000      -0.512488877972762     
   3.95036541666667        3.03920416666667      -0.463004065906672     
   3.95036541666667        3.34292458333333      -0.422790095793292     
   3.95036541666667        3.64664500000000      -0.390088225399358     
   3.95036541666667        3.95036541666667      -0.361524958539432     
   3.95036541666667        4.25408583333333      -0.335039686981474     
   3.95036541666667        4.55780625000000      -0.310529900368763     
   3.95036541666667        4.86152666666667      -0.288786237506025     
   3.95036541666667        5.16524708333333      -0.270215310760301     
   3.95036541666667        5.46896750000000      -0.254326120683163     
   3.95036541666667        5.77268791666667      -0.240199497902174     
   3.95036541666667        6.07640833333333      -0.227365508524782     
   3.95036541666667        6.38012875000000      -0.215997661377622     
   3.95036541666667        6.68384916666667      -0.206048421694307     
   3.95036541666667        6.98756958333333      -0.197444920520999     
   3.95036541666667        7.29129000000000      -0.189537123125743     
   4.25408583333333       2.000000000000000E-003 -0.500020644603788     
   4.25408583333333       0.305720416666667      -0.553621291295214     
   4.25408583333333       0.609440833333333      -0.613992279521682     
   4.25408583333333       0.913161250000000      -0.651738975857723     
   4.25408583333333        1.21688166666667      -0.656891552841331     
   4.25408583333333        1.52060208333333      -0.649397678660127     
   4.25408583333333        1.82432250000000      -0.628557305553018     
   4.25408583333333        2.12804291666667      -0.591745350437681     
   4.25408583333333        2.43176333333333      -0.544414225178359     
   4.25408583333333        2.73548375000000      -0.495299587304483     
   4.25408583333333        3.03920416666667      -0.451284577550604     
   4.25408583333333        3.34292458333333      -0.414746988235803     
   4.25408583333333        3.64664500000000      -0.384176572149881     
   4.25408583333333        3.95036541666667      -0.356839210054023     
   4.25408583333333        4.25408583333333      -0.331170864263963     
   4.25408583333333        4.55780625000000      -0.307312380464281     
   4.25408583333333        4.86152666666667      -0.286116308314662     
   4.25408583333333        5.16524708333333      -0.267949037515756     
   4.25408583333333        5.46896750000000      -0.252281379500329     
   4.25408583333333        5.77268791666667      -0.238198802926554     
   4.25408583333333        6.07640833333333      -0.225211921579799     
   4.25408583333333        6.38012875000000      -0.213522439510244     
   4.25408583333333        6.68384916666667      -0.203314459834514     
   4.25408583333333        6.98756958333333      -0.194543979409948     
   4.25408583333333        7.29129000000000      -0.186559546122016     
   4.55780625000000       2.000000000000000E-003 -0.447830720339291     
   4.55780625000000       0.305720416666667      -0.487144205464121     
   4.55780625000000       0.609440833333333      -0.533546042450921     
   4.55780625000000       0.913161250000000      -0.568181954288927     
   4.55780625000000        1.21688166666667      -0.585266573190210     
   4.55780625000000        1.52060208333333      -0.588544486190423     
   4.55780625000000        1.82432250000000      -0.575692065493035     
   4.55780625000000        2.12804291666667      -0.547699790594458     
   4.55780625000000        2.43176333333333      -0.510210586558661     
   4.55780625000000        2.73548375000000      -0.470576816633712     
   4.55780625000000        3.03920416666667      -0.434212957039060     
   4.55780625000000        3.34292458333333      -0.402828963558553     
   4.55780625000000        3.64664500000000      -0.375242217841919     
   4.55780625000000        3.95036541666667      -0.349583945878575     
   4.55780625000000        4.25408583333333      -0.325049122021967     
   4.55780625000000        4.55780625000000      -0.302156665944627     
   4.55780625000000        4.86152666666667      -0.281815744781389     
   4.55780625000000        5.16524708333333      -0.264305298077386     
   4.55780625000000        5.46896750000000      -0.249038705804985     
   4.55780625000000        5.77268791666667      -0.235132422038481     
   4.55780625000000        6.07640833333333      -0.222132578302801     
   4.55780625000000        6.38012875000000      -0.210212292127592     
   4.55780625000000        6.68384916666667      -0.199700974465021     
   4.55780625000000        6.98756958333333      -0.190620438665821     
   4.55780625000000        7.29129000000000      -0.182503041472369     
   4.86152666666667       2.000000000000000E-003 -0.405446301925959     
   4.86152666666667       0.305720416666667      -0.434914374591345     
   4.86152666666667       0.609440833333333      -0.468512264356536     
   4.86152666666667       0.913161250000000      -0.497749247896031     
   4.86152666666667        1.21688166666667      -0.517575883292588     
   4.86152666666667        1.52060208333333      -0.524895673565620     
   4.86152666666667        1.82432250000000      -0.518149686711578     
   4.86152666666667        2.12804291666667      -0.498938447625191     
   4.86152666666667        2.43176333333333      -0.471882603470320     
   4.86152666666667        2.73548375000000      -0.442392973196022     
   4.86152666666667        3.03920416666667      -0.414185345250266     
   4.86152666666667        3.34292458333333      -0.388283938162551     
   4.86152666666667        3.64664500000000      -0.363898321608693     
   4.86152666666667        3.95036541666667      -0.340100507024879     
   4.86152666666667        4.25408583333333      -0.316918770987322     
   4.86152666666667        4.55780625000000      -0.295264101640956     
   4.86152666666667        4.86152666666667      -0.276053517783819     
   4.86152666666667        5.16524708333333      -0.259437259036814     
   4.86152666666667        5.46896750000000      -0.244777453480095     
   4.86152666666667        5.77268791666667      -0.231263165505103     
   4.86152666666667        6.07640833333333      -0.218534249570080     
   4.86152666666667        6.38012875000000      -0.206781956376876     
   4.86152666666667        6.68384916666667      -0.196329274307515     
   4.86152666666667        6.98756958333333      -0.187192803503557     
   4.86152666666667        7.29129000000000      -0.179102711869318     
   5.16524708333333       2.000000000000000E-003 -0.373071794804863     
   5.16524708333333       0.305720416666667      -0.395667653000322     
   5.16524708333333       0.609440833333333      -0.420023294586431     
   5.16524708333333       0.913161250000000      -0.442650413550955     
   5.16524708333333        1.21688166666667      -0.459290702745101     
   5.16524708333333        1.52060208333333      -0.466822519008558     
   5.16524708333333        1.82432250000000      -0.464053232459921     
   5.16524708333333        2.12804291666667      -0.452217029363293     
   5.16524708333333        2.43176333333333      -0.434401624659966     
   5.16524708333333        2.73548375000000      -0.413959899678138     
   5.16524708333333        3.03920416666667      -0.392999521320129     
   5.16524708333333        3.34292458333333      -0.371986307194360     
   5.16524708333333        3.64664500000000      -0.350553726169287     
   5.16524708333333        3.95036541666667      -0.328641373858026     
   5.16524708333333        4.25408583333333      -0.307004897639709     
   5.16524708333333        4.55780625000000      -0.286844221439166     
   5.16524708333333        4.86152666666667      -0.269008490485518     
   5.16524708333333        5.16524708333333      -0.253501531846824     
   5.16524708333333        5.46896750000000      -0.239667431828351     
   5.16524708333333        5.77268791666667      -0.226810834461153     
   5.16524708333333        6.07640833333333      -0.214683386073852     
   5.16524708333333        6.38012875000000      -0.203475888555549     
   5.16524708333333        6.68384916666667      -0.193453080812624     
   5.16524708333333        6.98756958333333      -0.184666393562526     
   5.16524708333333        7.29129000000000      -0.176801722103886     
   5.46896750000000       2.000000000000000E-003 -0.347476121954247     
   5.46896750000000       0.305720416666667      -0.365508038320724     
   5.46896750000000       0.609440833333333      -0.383709561007802     
   5.46896750000000       0.913161250000000      -0.400205084169033     
   5.46896750000000        1.21688166666667      -0.412476603021746     
   5.46896750000000        1.52060208333333      -0.418537948213174     
   5.46896750000000        1.82432250000000      -0.417857995444538     
   5.46896750000000        2.12804291666667      -0.411277168862032     
   5.46896750000000        2.43176333333333      -0.400442239212332     
   5.46896750000000        2.73548375000000      -0.386943633380831     
   5.46896750000000        3.03920416666667      -0.371604077405393     
   5.46896750000000        3.34292458333333      -0.354493409439562     
   5.46896750000000        3.64664500000000      -0.335609886097366     
   5.46896750000000        3.95036541666667      -0.315567706503823     
   5.46896750000000        4.25408583333333      -0.295646018755492     
   5.46896750000000        4.55780625000000      -0.277186913409226     
   5.46896750000000        4.86152666666667      -0.260906338372938     
   5.46896750000000        5.16524708333333      -0.246675184414031     
   5.46896750000000        5.46896750000000      -0.233872956969937     
   5.46896750000000        5.77268791666667      -0.221958372127947     
   5.46896750000000        6.07640833333333      -0.210779308661564     
   5.46896750000000        6.38012875000000      -0.200465605766648     
   5.46896750000000        6.68384916666667      -0.191183184014218     
   5.46896750000000        6.98756958333333      -0.182879785442376     
   5.46896750000000        7.29129000000000      -0.175287443789681     
   5.77268791666667       2.000000000000000E-003 -0.327295093834324     
   5.77268791666667       0.305720416666667      -0.342368464342232     
   5.77268791666667       0.609440833333333      -0.356367033317497     
   5.77268791666667       0.913161250000000      -0.368197022108890     
   5.77268791666667        1.21688166666667      -0.376630908057272     
   5.77268791666667        1.52060208333333      -0.380722138998614     
   5.77268791666667        1.82432250000000      -0.380477574907864     
   5.77268791666667        2.12804291666667      -0.376868247013748     
   5.77268791666667        2.43176333333333      -0.370510669912009     
   5.77268791666667        2.73548375000000      -0.361725245517340     
   5.77268791666667        3.03920416666667      -0.350449964701886     
   5.77268791666667        3.34292458333333      -0.336430752371642     
   5.77268791666667        3.64664500000000      -0.319797489591582     
   5.77268791666667        3.95036541666667      -0.301570541331775     
   5.77268791666667        4.25408583333333      -0.283412139365198     
   5.77268791666667        4.55780625000000      -0.266729237538174     
   5.77268791666667        4.86152666666667      -0.252066274977210     
   5.77268791666667        5.16524708333333      -0.239188466503893     
   5.77268791666667        5.46896750000000      -0.227571530712416     
   5.77268791666667        5.77268791666667      -0.216862695012934     
   5.77268791666667        6.07640833333333      -0.206886234359027     
   5.77268791666667        6.38012875000000      -0.197656636285707     
   5.77268791666667        6.68384916666667      -0.189256326094594     
   5.77268791666667        6.98756958333333      -0.181547923091678     
   5.77268791666667        7.29129000000000      -0.174236800802618     
   6.07640833333333       2.000000000000000E-003 -0.311516933296751     
   6.07640833333333       0.305720416666667      -0.324507364415969     
   6.07640833333333       0.609440833333333      -0.335306234027877     
   6.07640833333333       0.913161250000000      -0.343418553589713     
   6.07640833333333        1.21688166666667      -0.348660119087431     
   6.07640833333333        1.52060208333333      -0.350917144773321     
   6.07640833333333        1.82432250000000      -0.350357142418112     
   6.07640833333333        2.12804291666667      -0.347833753536012     
   6.07640833333333        2.43176333333333      -0.343914094920009     
   6.07640833333333        2.73548375000000      -0.338216046611086     
   6.07640833333333        3.03920416666667      -0.330196973819772     
   6.07640833333333        3.34292458333333      -0.319132307255407     
   6.07640833333333        3.64664500000000      -0.304571290684130     
   6.07640833333333        3.95036541666667      -0.287802565575339     
   6.07640833333333        4.25408583333333      -0.271066737228463     
   6.07640833333333        4.55780625000000      -0.256010519624235     
   6.07640833333333        4.86152666666667      -0.242883559984947     
   6.07640833333333        5.16524708333333      -0.231316612191502     
   6.07640833333333        5.46896750000000      -0.220933383420953     
   6.07640833333333        5.77268791666667      -0.211502239949899     
   6.07640833333333        6.07640833333333      -0.202742213357015     
   6.07640833333333        6.38012875000000      -0.194657061057062     
   6.07640833333333        6.68384916666667      -0.187296881841219     
   6.07640833333333        6.98756958333333      -0.180416571863445     
   6.07640833333333        7.29129000000000      -0.173494390324706     
   6.38012875000000       2.000000000000000E-003 -0.299315687055648     
   6.38012875000000       0.305720416666667      -0.310121438713240     
   6.38012875000000       0.609440833333333      -0.317678976693964     
   6.38012875000000       0.913161250000000      -0.322525423711326     
   6.38012875000000        1.21688166666667      -0.325184740816491     
   6.38012875000000        1.52060208333333      -0.325806536441254     
   6.38012875000000        1.82432250000000      -0.324691757741870     
   6.38012875000000        2.12804291666667      -0.322437017393941     
   6.38012875000000        2.43176333333333      -0.319779168822317     
   6.38012875000000        2.73548375000000      -0.316499776658818     
   6.38012875000000        3.03920416666667      -0.311668519852566     
   6.38012875000000        3.34292458333333      -0.303184001603522     
   6.38012875000000        3.64664500000000      -0.290192471474071     
   6.38012875000000        3.95036541666667      -0.274567798430854     
   6.38012875000000        4.25408583333333      -0.259118907233945     
   6.38012875000000        4.55780625000000      -0.245475389886646     
   6.38012875000000        4.86152666666667      -0.233747454312989     
   6.38012875000000        5.16524708333333      -0.223329028681695     
   6.38012875000000        5.46896750000000      -0.214085691205194     
   6.38012875000000        5.77268791666667      -0.205792182371711     
   6.38012875000000        6.07640833333333      -0.198133182346923     
   6.38012875000000        6.38012875000000      -0.191102054813299     
   6.38012875000000        6.68384916666667      -0.184859617022560     
   6.38012875000000        6.98756958333333      -0.179238313299656     
   6.38012875000000        7.29129000000000      -0.173039330875106     
   6.68384916666667       2.000000000000000E-003 -0.289408462396118     
   6.68384916666667       0.305720416666667      -0.296322732915454     
   6.68384916666667       0.609440833333333      -0.299706595309444     
   6.68384916666667       0.913161250000000      -0.302423238168302     
   6.68384916666667        1.21688166666667      -0.303578338576530     
   6.68384916666667        1.52060208333333      -0.303105926580679     
   6.68384916666667        1.82432250000000      -0.301459096860185     
   6.68384916666667        2.12804291666667      -0.299323070502466     
   6.68384916666667        2.43176333333333      -0.297527435697265     
   6.68384916666667        2.73548375000000      -0.296262765009158     
   6.68384916666667        3.03920416666667      -0.294066140204334     
   6.68384916666667        3.34292458333333      -0.288128449839351     
   6.68384916666667        3.64664500000000      -0.276544613001630     
   6.68384916666667        3.95036541666667      -0.262041554547029     
   6.68384916666667        4.25408583333333      -0.248142866817120     
   6.68384916666667        4.55780625000000      -0.235698443407597     
   6.68384916666667        4.86152666666667      -0.225007173289048     
   6.68384916666667        5.16524708333333      -0.215464966235730     
   6.68384916666667        5.46896750000000      -0.207158818063449     
   6.68384916666667        5.77268791666667      -0.199809554486069     
   6.68384916666667        6.07640833333333      -0.193095561124493     
   6.68384916666667        6.38012875000000      -0.186895198580029     
   6.68384916666667        6.68384916666667      -0.181420264191797     
   6.68384916666667        6.98756958333333      -0.177386499939331     
   6.68384916666667        7.29129000000000      -0.172712807601299     
   6.98756958333333       2.000000000000000E-003 -0.278390719799776     
   6.98756958333333       0.305720416666667      -0.279849759758425     
   6.98756958333333       0.609440833333333      -0.280018490579226     
   6.98756958333333       0.913161250000000      -0.282617459818314     
   6.98756958333333        1.21688166666667      -0.283157552887321     
   6.98756958333333        1.52060208333333      -0.282019710217796     
   6.98756958333333        1.82432250000000      -0.280060097428793     
   6.98756958333333        2.12804291666667      -0.278034759810858     
   6.98756958333333        2.43176333333333      -0.276876659722691     
   6.98756958333333        2.73548375000000      -0.276885493685240     
   6.98756958333333        3.03920416666667      -0.276864057012684     
   6.98756958333333        3.34292458333333      -0.273669891939040     
   6.98756958333333        3.64664500000000      -0.264177256446758     
   6.98756958333333        3.95036541666667      -0.251602265449488     
   6.98756958333333        4.25408583333333      -0.239542357706344     
   6.98756958333333        4.55780625000000      -0.227664047124725     
   6.98756958333333        4.86152666666667      -0.217027889153604     
   6.98756958333333        5.16524708333333      -0.207952931560356     
   6.98756958333333        5.46896750000000      -0.200313219082577     
   6.98756958333333        5.77268791666667      -0.193780707943821     
   6.98756958333333        6.07640833333333      -0.188034576555090     
   6.98756958333333        6.38012875000000      -0.182852826166643     
   6.98756958333333        6.68384916666667      -0.177906165823544     
   6.98756958333333        6.98756958333333      -0.174022535891330     
   6.98756958333333        7.29129000000000      -0.171229360138344     
   7.29129000000000       2.000000000000000E-003 -0.262321947750997     
   7.29129000000000       0.305720416666667      -0.267916117119637     
   7.29129000000000       0.609440833333333      -0.267519276225376     
   7.29129000000000       0.913161250000000      -0.266482151764087     
   7.29129000000000        1.21688166666667      -0.264906864874024     
   7.29129000000000        1.52060208333333      -0.262898160173225     
   7.29129000000000        1.82432250000000      -0.260710443584845     
   7.29129000000000        2.12804291666667      -0.258816984733607     
   7.29129000000000        2.43176333333333      -0.257990187386373     
   7.29129000000000        2.73548375000000      -0.258521583038400     
   7.29129000000000        3.03920416666667      -0.259471974545317     
   7.29129000000000        3.34292458333333      -0.257837950021851     
   7.29129000000000        3.64664500000000      -0.252403259409345     
   7.29129000000000        3.95036541666667      -0.244103266249133     
   7.29129000000000        4.25408583333333      -0.233204939731221     
   7.29129000000000        4.55780625000000      -0.220876731227307     
   7.29129000000000        4.86152666666667      -0.209791603675580     
   7.29129000000000        5.16524708333333      -0.200769964819081     
   7.29129000000000        5.46896750000000      -0.193658155658804     
   7.29129000000000        5.77268791666667      -0.187873261507173     
   7.29129000000000        6.07640833333333      -0.183185286359079     
   7.29129000000000        6.38012875000000      -0.179658756415768     
   7.29129000000000        6.68384916666667      -0.177105218910051     
   7.29129000000000        6.98756958333333      -0.173200273417273     
   7.29129000000000        7.29129000000000      -0.167064987799103     
