  2.000000000000000E-003  2.000000000000000E-003 -0.412087088878101     
  2.000000000000000E-003  0.305720416666667      -0.437627826449986     
  2.000000000000000E-003  0.609440833333333      -0.446533410680300     
  2.000000000000000E-003  0.913161250000000      -0.445284753892546     
  2.000000000000000E-003   1.21688166666667      -0.441938142849238     
  2.000000000000000E-003   1.52060208333333      -0.436926793355181     
  2.000000000000000E-003   1.82432250000000      -0.429980525990438     
  2.000000000000000E-003   2.12804291666667      -0.422021601882488     
  2.000000000000000E-003   2.43176333333333      -0.415099499276503     
  2.000000000000000E-003   2.73548375000000      -0.409315370364819     
  2.000000000000000E-003   3.03920416666667      -0.403945652722907     
  2.000000000000000E-003   3.34292458333333      -0.398574464535352     
  2.000000000000000E-003   3.64664500000000      -0.383199079312634     
  2.000000000000000E-003   3.95036541666667      -0.361850590623486     
  2.000000000000000E-003   4.25408583333333      -0.332625487021621     
  2.000000000000000E-003   4.55780625000000      -0.300723358803774     
  2.000000000000000E-003   4.86152666666667      -0.273035849410353     
  2.000000000000000E-003   5.16524708333333      -0.251040343713702     
  2.000000000000000E-003   5.46896750000000      -0.234609634203526     
  2.000000000000000E-003   5.77268791666667      -0.222513852830927     
  2.000000000000000E-003   6.07640833333333      -0.214137143752515     
  2.000000000000000E-003   6.38012875000000      -0.209066642052872     
  2.000000000000000E-003   6.68384916666667      -0.206018389107778     
  2.000000000000000E-003   6.98756958333333      -0.199754224398174     
  2.000000000000000E-003   7.29129000000000      -0.189287299380356     
  0.305720416666667       2.000000000000000E-003 -0.437628352304565     
  0.305720416666667       0.305720416666667      -0.432129645489210     
  0.305720416666667       0.609440833333333      -0.456853908088216     
  0.305720416666667       0.913161250000000      -0.476485553533892     
  0.305720416666667        1.21688166666667      -0.482213718915872     
  0.305720416666667        1.52060208333333      -0.479776721284340     
  0.305720416666667        1.82432250000000      -0.472736005578403     
  0.305720416666667        2.12804291666667      -0.463181982436757     
  0.305720416666667        2.43176333333333      -0.454763264356368     
  0.305720416666667        2.73548375000000      -0.447629912434903     
  0.305720416666667        3.03920416666667      -0.438403405976802     
  0.305720416666667        3.34292458333333      -0.426453617938366     
  0.305720416666667        3.64664500000000      -0.404630394441149     
  0.305720416666667        3.95036541666667      -0.369938370934834     
  0.305720416666667        4.25408583333333      -0.335865423179228     
  0.305720416666667        4.55780625000000      -0.304846232614396     
  0.305720416666667        4.86152666666667      -0.278561724211662     
  0.305720416666667        5.16524708333333      -0.257153729202768     
  0.305720416666667        5.46896750000000      -0.240374387911806     
  0.305720416666667        5.77268791666667      -0.227453381079242     
  0.305720416666667        6.07640833333333      -0.217624652643324     
  0.305720416666667        6.38012875000000      -0.210040549135941     
  0.305720416666667        6.68384916666667      -0.203290278328374     
  0.305720416666667        6.98756958333333      -0.197635743873571     
  0.305720416666667        7.29129000000000      -0.192390478367794     
  0.609440833333333       2.000000000000000E-003 -0.446534194072107     
  0.609440833333333       0.305720416666667      -0.456854528706975     
  0.609440833333333       0.609440833333333      -0.481173778425838     
  0.609440833333333       0.913161250000000      -0.507033675632008     
  0.609440833333333        1.21688166666667      -0.519388286707713     
  0.609440833333333        1.52060208333333      -0.520559773910029     
  0.609440833333333        1.82432250000000      -0.514211764867723     
  0.609440833333333        2.12804291666667      -0.503489064907511     
  0.609440833333333        2.43176333333333      -0.492574555311301     
  0.609440833333333        2.73548375000000      -0.483729002093386     
  0.609440833333333        3.03920416666667      -0.469846882817715     
  0.609440833333333        3.34292458333333      -0.448599103383490     
  0.609440833333333        3.64664500000000      -0.416832057009707     
  0.609440833333333        3.95036541666667      -0.377474684065403     
  0.609440833333333        4.25408583333333      -0.340012113251184     
  0.609440833333333        4.55780625000000      -0.308579620696821     
  0.609440833333333        4.86152666666667      -0.283317190749547     
  0.609440833333333        5.16524708333333      -0.262304185968512     
  0.609440833333333        5.46896750000000      -0.245266143983368     
  0.609440833333333        5.77268791666667      -0.231696433859239     
  0.609440833333333        6.07640833333333      -0.220875128942635     
  0.609440833333333        6.38012875000000      -0.212108431705066     
  0.609440833333333        6.68384916666667      -0.204877807131485     
  0.609440833333333        6.98756958333333      -0.199031353712609     
  0.609440833333333        7.29129000000000      -0.191242749214295     
  0.913161250000000       2.000000000000000E-003 -0.445285451658707     
  0.913161250000000       0.305720416666667      -0.476486212679469     
  0.913161250000000       0.609440833333333      -0.507033992818844     
  0.913161250000000       0.913161250000000      -0.533877616523466     
  0.913161250000000        1.21688166666667      -0.549899186398440     
  0.913161250000000        1.52060208333333      -0.554366060923691     
  0.913161250000000        1.82432250000000      -0.549469116646235     
  0.913161250000000        2.12804291666667      -0.537547684283906     
  0.913161250000000        2.43176333333333      -0.524877248461845     
  0.913161250000000        2.73548375000000      -0.510718588543533     
  0.913161250000000        3.03920416666667      -0.491257431689181     
  0.913161250000000        3.34292458333333      -0.462456769178912     
  0.913161250000000        3.64664500000000      -0.424842717973862     
  0.913161250000000        3.95036541666667      -0.383346708500307     
  0.913161250000000        4.25408583333333      -0.344811895846263     
  0.913161250000000        4.55780625000000      -0.313132565964527     
  0.913161250000000        4.86152666666667      -0.287817426059438     
  0.913161250000000        5.16524708333333      -0.266724032880658     
  0.913161250000000        5.46896750000000      -0.249223709531286     
  0.913161250000000        5.77268791666667      -0.235065105060148     
  0.913161250000000        6.07640833333333      -0.223536282760267     
  0.913161250000000        6.38012875000000      -0.214069376526760     
  0.913161250000000        6.68384916666667      -0.206081937169473     
  0.913161250000000        6.98756958333333      -0.198449128315757     
  0.913161250000000        7.29129000000000      -0.189530481799095     
   1.21688166666667       2.000000000000000E-003 -0.441938737576021     
   1.21688166666667       0.305720416666667      -0.482214294150886     
   1.21688166666667       0.609440833333333      -0.519388683677342     
   1.21688166666667       0.913161250000000      -0.549899361657267     
   1.21688166666667        1.21688166666667      -0.569579870398599     
   1.21688166666667        1.52060208333333      -0.577250306755175     
   1.21688166666667        1.82432250000000      -0.573351474496465     
   1.21688166666667        2.12804291666667      -0.562518657709306     
   1.21688166666667        2.43176333333333      -0.548702611909445     
   1.21688166666667        2.73548375000000      -0.528322424006055     
   1.21688166666667        3.03920416666667      -0.500802508495898     
   1.21688166666667        3.34292458333333      -0.466773699750923     
   1.21688166666667        3.64664500000000      -0.426934346019637     
   1.21688166666667        3.95036541666667      -0.385676165990079     
   1.21688166666667        4.25408583333333      -0.348156568178930     
   1.21688166666667        4.55780625000000      -0.317034135097116     
   1.21688166666667        4.86152666666667      -0.291480288742456     
   1.21688166666667        5.16524708333333      -0.270121337059738     
   1.21688166666667        5.46896750000000      -0.252158636729249     
   1.21688166666667        5.77268791666667      -0.237348562696079     
   1.21688166666667        6.07640833333333      -0.225085735475917     
   1.21688166666667        6.38012875000000      -0.214746468748728     
   1.21688166666667        6.68384916666667      -0.205631521077118     
   1.21688166666667        6.98756958333333      -0.196825463587827     
   1.21688166666667        7.29129000000000      -0.187665382756945     
   1.52060208333333       2.000000000000000E-003 -0.436927232829237     
   1.52060208333333       0.305720416666667      -0.479777155748627     
   1.52060208333333       0.609440833333333      -0.520560131362746     
   1.52060208333333       0.913161250000000      -0.554366299584159     
   1.52060208333333        1.21688166666667      -0.577250423452086     
   1.52060208333333        1.52060208333333      -0.586770511831743     
   1.52060208333333        1.82432250000000      -0.584509705362635     
   1.52060208333333        2.12804291666667      -0.576651452022345     
   1.52060208333333        2.43176333333333      -0.561082420515382     
   1.52060208333333        2.73548375000000      -0.536231128338097     
   1.52060208333333        3.03920416666667      -0.503206344990206     
   1.52060208333333        3.34292458333333      -0.464730962540405     
   1.52060208333333        3.64664500000000      -0.424085570812259     
   1.52060208333333        3.95036541666667      -0.384685267153834     
   1.52060208333333        4.25408583333333      -0.349318505260604     
   1.52060208333333        4.55780625000000      -0.319112525502283     
   1.52060208333333        4.86152666666667      -0.293695350395127     
   1.52060208333333        5.16524708333333      -0.272202030080005     
   1.52060208333333        5.46896750000000      -0.253951739781386     
   1.52060208333333        5.77268791666667      -0.238551282769690     
   1.52060208333333        6.07640833333333      -0.225575971584447     
   1.52060208333333        6.38012875000000      -0.214391890422534     
   1.52060208333333        6.68384916666667      -0.204376517188902     
   1.52060208333333        6.98756958333333      -0.194937864993134     
   1.52060208333333        7.29129000000000      -0.185783608741257     
   1.82432250000000       2.000000000000000E-003 -0.429980726762053     
   1.82432250000000       0.305720416666667      -0.472736239136345     
   1.82432250000000       0.609440833333333      -0.514212016002689     
   1.82432250000000       0.913161250000000      -0.549469359149316     
   1.82432250000000        1.21688166666667      -0.573351676869110     
   1.82432250000000        1.52060208333333      -0.584509828541721     
   1.82432250000000        1.82432250000000      -0.586459349732406     
   1.82432250000000        2.12804291666667      -0.578632638412498     
   1.82432250000000        2.43176333333333      -0.560173290630669     
   1.82432250000000        2.73548375000000      -0.531968281788362     
   1.82432250000000        3.03920416666667      -0.496614690277578     
   1.82432250000000        3.34292458333333      -0.457554889546853     
   1.82432250000000        3.64664500000000      -0.418133663483701     
   1.82432250000000        3.95036541666667      -0.380984661939786     
   1.82432250000000        4.25408583333333      -0.347702814729032     
   1.82432250000000        4.55780625000000      -0.318794193669051     
   1.82432250000000        4.86152666666667      -0.293990177448234     
   1.82432250000000        5.16524708333333      -0.272729922761604     
   1.82432250000000        5.46896750000000      -0.254485477029112     
   1.82432250000000        5.77268791666667      -0.238826859692097     
   1.82432250000000        6.07640833333333      -0.225335141946862     
   1.82432250000000        6.38012875000000      -0.213525842826591     
   1.82432250000000        6.68384916666667      -0.202913118990229     
   1.82432250000000        6.98756958333333      -0.193134733553080     
   1.82432250000000        7.29129000000000      -0.184028396948975     
   2.12804291666667       2.000000000000000E-003 -0.422021490297816     
   2.12804291666667       0.305720416666667      -0.463181968907994     
   2.12804291666667       0.609440833333333      -0.503489183674597     
   2.12804291666667       0.913161250000000      -0.537547914881747     
   2.12804291666667        1.21688166666667      -0.562518939366828     
   2.12804291666667        1.52060208333333      -0.576651705618041     
   2.12804291666667        1.82432250000000      -0.578632789354294     
   2.12804291666667        2.12804291666667      -0.568114723696315     
   2.12804291666667        2.43176333333333      -0.546309633217828     
   2.12804291666667        2.73548375000000      -0.515941454474484     
   2.12804291666667        3.03920416666667      -0.480510920012975     
   2.12804291666667        3.34292458333333      -0.443367210199219     
   2.12804291666667        3.64664500000000      -0.407089355219023     
   2.12804291666667        3.95036541666667      -0.373302148962926     
   2.12804291666667        4.25408583333333      -0.342792907929574     
   2.12804291666667        4.55780625000000      -0.315773026709587     
   2.12804291666667        4.86152666666667      -0.292129450990357     
   2.12804291666667        5.16524708333333      -0.271583910237891     
   2.12804291666667        5.46896750000000      -0.253771943022701     
   2.12804291666667        5.77268791666667      -0.238282295329675     
   2.12804291666667        6.07640833333333      -0.224689385727204     
   2.12804291666667        6.38012875000000      -0.212588658580931     
   2.12804291666667        6.68384916666667      -0.201646603697565     
   2.12804291666667        6.98756958333333      -0.191691464467097     
   2.12804291666667        7.29129000000000      -0.182628906593817     
   2.43176333333333       2.000000000000000E-003 -0.415098964278473     
   2.43176333333333       0.305720416666667      -0.454762934451847     
   2.43176333333333       0.609440833333333      -0.492574517759675     
   2.43176333333333       0.913161250000000      -0.524877454284960     
   2.43176333333333        1.21688166666667      -0.548702957090765     
   2.43176333333333        1.52060208333333      -0.561082792038379     
   2.43176333333333        1.82432250000000      -0.560173589275603     
   2.43176333333333        2.12804291666667      -0.546309793037114     
   2.43176333333333        2.43176333333333      -0.522034705389882     
   2.43176333333333        2.73548375000000      -0.491172897400791     
   2.43176333333333        3.03920416666667      -0.457530642126574     
   2.43176333333333        3.34292458333333      -0.423924095646474     
   2.43176333333333        3.64664500000000      -0.391931536207947     
   2.43176333333333        3.95036541666667      -0.362202465674844     
   2.43176333333333        4.25408583333333      -0.334931949207183     
   2.43176333333333        4.55780625000000      -0.310225971800128     
   2.43176333333333        4.86152666666667      -0.288188558877699     
   2.43176333333333        5.16524708333333      -0.268807427953209     
   2.43176333333333        5.46896750000000      -0.251860963034166     
   2.43176333333333        5.77268791666667      -0.236962809570549     
   2.43176333333333        6.07640833333333      -0.223701818230058     
   2.43176333333333        6.38012875000000      -0.211750482350275     
   2.43176333333333        6.68384916666667      -0.200867039643370     
   2.43176333333333        6.98756958333333      -0.190903285445515     
   2.43176333333333        7.29129000000000      -0.181932601867790     
   2.73548375000000       2.000000000000000E-003 -0.409314402154686     
   2.73548375000000       0.305720416666667      -0.447629277116885     
   2.73548375000000       0.609440833333333      -0.483728800025615     
   2.73548375000000       0.913161250000000      -0.510718750280152     
   2.73548375000000        1.21688166666667      -0.528322804805929     
   2.73548375000000        1.52060208333333      -0.536231582319040     
   2.73548375000000        1.82432250000000      -0.531968693145176     
   2.73548375000000        2.12804291666667      -0.515941744994273     
   2.73548375000000        2.43176333333333      -0.491173036073780     
   2.73548375000000        2.73548375000000      -0.461791591147459     
   2.73548375000000        3.03920416666667      -0.431402655270379     
   2.73548375000000        3.34292458333333      -0.402139100827767     
   2.73548375000000        3.64664500000000      -0.374697479462699     
   2.73548375000000        3.95036541666667      -0.349011132569230     
   2.73548375000000        4.25408583333333      -0.324950577832125     
   2.73548375000000        4.55780625000000      -0.302666158239300     
   2.73548375000000        4.86152666666667      -0.282482066256829     
   2.73548375000000        5.16524708333333      -0.264582730515864     
   2.73548375000000        5.46896750000000      -0.248832710437789     
   2.73548375000000        5.77268791666667      -0.234863940841943     
   2.73548375000000        6.07640833333333      -0.222315508685282     
   2.73548375000000        6.38012875000000      -0.210969296759595     
   2.73548375000000        6.68384916666667      -0.200586905149412     
   2.73548375000000        6.98756958333333      -0.191030164765480     
   2.73548375000000        7.29129000000000      -0.182301554785287     
   3.03920416666667       2.000000000000000E-003 -0.403944500955225     
   3.03920416666667       0.305720416666667      -0.438402685437736     
   3.03920416666667       0.609440833333333      -0.469846648136373     
   3.03920416666667       0.913161250000000      -0.491257581931152     
   3.03920416666667        1.21688166666667      -0.500802894696848     
   3.03920416666667        1.52060208333333      -0.503206830770916     
   3.03920416666667        1.82432250000000      -0.496615158223054     
   3.03920416666667        2.12804291666667      -0.480511287429111     
   3.03920416666667        2.43176333333333      -0.457530871326644     
   3.03920416666667        2.73548375000000      -0.431402752344224     
   3.03920416666667        3.03920416666667      -0.405179356812326     
   3.03920416666667        3.34292458333333      -0.380358207192730     
   3.03920416666667        3.64664500000000      -0.357063504020892     
   3.03920416666667        3.95036541666667      -0.334886793204122     
   3.03920416666667        4.25408583333333      -0.313657525371344     
   3.03920416666667        4.55780625000000      -0.293671793696075     
   3.03920416666667        4.86152666666667      -0.275415054145646     
   3.03920416666667        5.16524708333333      -0.259155686606621     
   3.03920416666667        5.46896750000000      -0.244771469153473     
   3.03920416666667        5.77268791666667      -0.231915620677300     
   3.03920416666667        6.07640833333333      -0.220360689954596     
   3.03920416666667        6.38012875000000      -0.210056235288679     
   3.03920416666667        6.68384916666667      -0.200608034587629     
   3.03920416666667        6.98756958333333      -0.191787756400462     
   3.03920416666667        7.29129000000000      -0.183408459785910     
   3.34292458333333       2.000000000000000E-003 -0.398573664856372     
   3.34292458333333       0.305720416666667      -0.426453131989810     
   3.34292458333333       0.609440833333333      -0.448598936270822     
   3.34292458333333       0.913161250000000      -0.462456916924939     
   3.34292458333333        1.21688166666667      -0.466774054726618     
   3.34292458333333        1.52060208333333      -0.464731422778645     
   3.34292458333333        1.82432250000000      -0.457555350670836     
   3.34292458333333        2.12804291666667      -0.443367592403901     
   3.34292458333333        2.43176333333333      -0.423924358135323     
   3.34292458333333        2.73548375000000      -0.402139243711637     
   3.34292458333333        3.03920416666667      -0.380358259039899     
   3.34292458333333        3.34292458333333      -0.359594145478160     
   3.34292458333333        3.64664500000000      -0.339743608781870     
   3.34292458333333        3.95036541666667      -0.320406334991996     
   3.34292458333333        4.25408583333333      -0.301578592760340     
   3.34292458333333        4.55780625000000      -0.283721516501983     
   3.34292458333333        4.86152666666667      -0.267377139275996     
   3.34292458333333        5.16524708333333      -0.252777445413934     
   3.34292458333333        5.46896750000000      -0.239752785531748     
   3.34292458333333        5.77268791666667      -0.227989772993461     
   3.34292458333333        6.07640833333333      -0.217462330868961     
   3.34292458333333        6.38012875000000      -0.208146278058477     
   3.34292458333333        6.68384916666667      -0.199673323053112     
   3.34292458333333        6.98756958333333      -0.191709769274337     
   3.34292458333333        7.29129000000000      -0.183793224913456     
   3.64664500000000       2.000000000000000E-003 -0.383198805090725     
   3.64664500000000       0.305720416666667      -0.404630175483299     
   3.64664500000000       0.609440833333333      -0.416831942273211     
   3.64664500000000       0.913161250000000      -0.424842807247325     
   3.64664500000000        1.21688166666667      -0.426934616552238     
   3.64664500000000        1.52060208333333      -0.424085949576119     
   3.64664500000000        1.82432250000000      -0.418134058361762     
   3.64664500000000        2.12804291666667      -0.407089693632607     
   3.64664500000000        2.43176333333333      -0.391931777657077     
   3.64664500000000        2.73548375000000      -0.374697619597014     
   3.64664500000000        3.03920416666667      -0.357063565157088     
   3.64664500000000        3.34292458333333      -0.339743623877413     
   3.64664500000000        3.64664500000000      -0.322678609412549     
   3.64664500000000        3.95036541666667      -0.305695033455371     
   3.64664500000000        4.25408583333333      -0.289018961567252     
   3.64664500000000        4.55780625000000      -0.273202049233901     
   3.64664500000000        4.86152666666667      -0.258723078323688     
   3.64664500000000        5.16524708333333      -0.245692315015592     
   3.64664500000000        5.46896750000000      -0.233872762365800     
   3.64664500000000        5.77268791666667      -0.222996616280274     
   3.64664500000000        6.07640833333333      -0.213163726916341     
   3.64664500000000        6.38012875000000      -0.204435399441231     
   3.64664500000000        6.68384916666667      -0.196562098468052     
   3.64664500000000        6.98756958333333      -0.189328562819746     
   3.64664500000000        7.29129000000000      -0.183214675078738     
   3.95036541666667       2.000000000000000E-003 -0.361850793529453     
   3.95036541666667       0.305720416666667      -0.369938322100592     
   3.95036541666667       0.609440833333333      -0.377474585588092     
   3.95036541666667       0.913161250000000      -0.383346705658287     
   3.95036541666667        1.21688166666667      -0.385676316014684     
   3.95036541666667        1.52060208333333      -0.384685522851025     
   3.95036541666667        1.82432250000000      -0.380984943078038     
   3.95036541666667        2.12804291666667      -0.373302394805363     
   3.95036541666667        2.43176333333333      -0.362202640030696     
   3.95036541666667        2.73548375000000      -0.349011229087659     
   3.95036541666667        3.03920416666667      -0.334886828800975     
   3.95036541666667        3.34292458333333      -0.320406336202342     
   3.95036541666667        3.64664500000000      -0.305695025001783     
   3.95036541666667        3.95036541666667      -0.290861130994543     
   3.95036541666667        4.25408583333333      -0.276284730525730     
   3.95036541666667        4.55780625000000      -0.262480935829332     
   3.95036541666667        4.86152666666667      -0.249774890842540     
   3.95036541666667        5.16524708333333      -0.238134215782739     
   3.95036541666667        5.46896750000000      -0.227288105192881     
   3.95036541666667        5.77268791666667      -0.217039910728343     
   3.95036541666667        6.07640833333333      -0.207542989798699     
   3.95036541666667        6.38012875000000      -0.199030058950426     
   3.95036541666667        6.68384916666667      -0.191468365816335     
   3.95036541666667        6.98756958333333      -0.184808269335991     
   3.95036541666667        7.29129000000000      -0.178931367787192     
   4.25408583333333       2.000000000000000E-003 -0.332626051924488     
   4.25408583333333       0.305720416666667      -0.335865592440778     
   4.25408583333333       0.609440833333333      -0.340012060039592     
   4.25408583333333       0.913161250000000      -0.344811831214655     
   4.25408583333333        1.21688166666667      -0.348156608684639     
   4.25408583333333        1.52060208333333      -0.349318618598259     
   4.25408583333333        1.82432250000000      -0.347702951737486     
   4.25408583333333        2.12804291666667      -0.342793026495154     
   4.25408583333333        2.43176333333333      -0.334932022275460     
   4.25408583333333        2.73548375000000      -0.324950600369386     
   4.25408583333333        3.03920416666667      -0.313657510405364     
   4.25408583333333        3.34292458333333      -0.301578560353084     
   4.25408583333333        3.64664500000000      -0.289018929334101     
   4.25408583333333        3.95036541666667      -0.276284710375476     
   4.25408583333333        4.25408583333333      -0.263785984813143     
   4.25408583333333        4.55780625000000      -0.251903514854547     
   4.25408583333333        4.86152666666667      -0.240784870818309     
   4.25408583333333        5.16524708333333      -0.230299443598325     
   4.25408583333333        5.46896750000000      -0.220211559535418     
   4.25408583333333        5.77268791666667      -0.210439571091566     
   4.25408583333333        6.07640833333333      -0.201187030018691     
   4.25408583333333        6.38012875000000      -0.192786976565776     
   4.25408583333333        6.68384916666667      -0.185477526276593     
   4.25408583333333        6.98756958333333      -0.179324108017979     
   4.25408583333333        7.29129000000000      -0.173907844412739     
   4.55780625000000       2.000000000000000E-003 -0.300723949621733     
   4.55780625000000       0.305720416666667      -0.304846473875799     
   4.55780625000000       0.609440833333333      -0.308579611071378     
   4.55780625000000       0.913161250000000      -0.313132490367679     
   4.55780625000000        1.21688166666667      -0.317034080539922     
   4.55780625000000        1.52060208333333      -0.319112496253145     
   4.55780625000000        1.82432250000000      -0.318794176866682     
   4.55780625000000        2.12804291666667      -0.315773002773085     
   4.55780625000000        2.43176333333333      -0.310225926977605     
   4.55780625000000        2.73548375000000      -0.302666092288713     
   4.55780625000000        3.03920416666667      -0.293671717428712     
   4.55780625000000        3.34292458333333      -0.283721443122482     
   4.55780625000000        3.64664500000000      -0.273201987533726     
   4.55780625000000        3.95036541666667      -0.262480889766360     
   4.55780625000000        4.25408583333333      -0.251903488046985     
   4.55780625000000        4.55780625000000      -0.241697009248647     
   4.55780625000000        4.86152666666667      -0.231882730020948     
   4.55780625000000        5.16524708333333      -0.222316311828506     
   4.55780625000000        5.46896750000000      -0.212863683994714     
   4.55780625000000        5.77268791666667      -0.203581464000107     
   4.55780625000000        6.07640833333333      -0.194744905235961     
   4.55780625000000        6.38012875000000      -0.186665395082369     
   4.55780625000000        6.68384916666667      -0.179571723674306     
   4.55780625000000        6.98756958333333      -0.173558338198684     
   4.55780625000000        7.29129000000000      -0.168172608675123     
   4.86152666666667       2.000000000000000E-003 -0.273036323800648     
   4.86152666666667       0.305720416666667      -0.278561951852692     
   4.86152666666667       0.609440833333333      -0.283317215821682     
   4.86152666666667       0.913161250000000      -0.287817336051245     
   4.86152666666667        1.21688166666667      -0.291480148279591     
   4.86152666666667        1.52060208333333      -0.293695195260176     
   4.86152666666667        1.82432250000000      -0.293990021143363     
   4.86152666666667        2.12804291666667      -0.292129295301356     
   4.86152666666667        2.43176333333333      -0.288188405390058     
   4.86152666666667        2.73548375000000      -0.282481921974412     
   4.86152666666667        3.03920416666667      -0.275414928373634     
   4.86152666666667        3.34292458333333      -0.267377036621282     
   4.86152666666667        3.64664500000000      -0.258722995598397     
   4.86152666666667        3.95036541666667      -0.249774821339966     
   4.86152666666667        4.25408583333333      -0.240784812660381     
   4.86152666666667        4.55780625000000      -0.231882691928666     
   4.86152666666667        4.86152666666667      -0.223060964592654     
   4.86152666666667        5.16524708333333      -0.214245841560054     
   4.86152666666667        5.46896750000000      -0.205433416323187     
   4.86152666666667        5.77268791666667      -0.196786937481592     
   4.86152666666667        6.07640833333333      -0.188602060682086     
   4.86152666666667        6.38012875000000      -0.181148601189832     
   4.86152666666667        6.68384916666667      -0.174515530418278     
   4.86152666666667        6.98756958333333      -0.168609473472781     
   4.86152666666667        7.29129000000000      -0.163234550666076     
   5.16524708333333       2.000000000000000E-003 -0.251040733461806     
   5.16524708333333       0.305720416666667      -0.257153941526797     
   5.16524708333333       0.609440833333333      -0.262304210748212     
   5.16524708333333       0.913161250000000      -0.266723911456349     
   5.16524708333333        1.21688166666667      -0.270121128477591     
   5.16524708333333        1.52060208333333      -0.272201781799384     
   5.16524708333333        1.82432250000000      -0.272729664930818     
   5.16524708333333        2.12804291666667      -0.271583662349551     
   5.16524708333333        2.43176333333333      -0.268807206556592     
   5.16524708333333        2.73548375000000      -0.264582550098504     
   5.16524708333333        3.03920416666667      -0.259155553354052     
   5.16524708333333        3.34292458333333      -0.252777351097928     
   5.16524708333333        3.64664500000000      -0.245692239215148     
   5.16524708333333        3.95036541666667      -0.238134137566783     
   5.16524708333333        4.25408583333333      -0.230299355243641     
   5.16524708333333        4.55780625000000      -0.222316225223521     
   5.16524708333333        4.86152666666667      -0.214245783481579     
   5.16524708333333        5.16524708333333      -0.206132338519899     
   5.16524708333333        5.46896750000000      -0.198078228073765     
   5.16524708333333        5.77268791666667      -0.190275405134461     
   5.16524708333333        6.07640833333333      -0.182949772468484     
   5.16524708333333        6.38012875000000      -0.176250950089458     
   5.16524708333333        6.68384916666667      -0.170187519357074     
   5.16524708333333        6.98756958333333      -0.164679538215443     
   5.16524708333333        7.29129000000000      -0.159502114678201     
   5.46896750000000       2.000000000000000E-003 -0.234609977182873     
   5.46896750000000       0.305720416666667      -0.240374580732685     
   5.46896750000000       0.609440833333333      -0.245266157392640     
   5.46896750000000       0.913161250000000      -0.249223565171935     
   5.46896750000000        1.21688166666667      -0.252158383515022     
   5.46896750000000        1.52060208333333      -0.253951437816549     
   5.46896750000000        1.82432250000000      -0.254485170247787     
   5.46896750000000        2.12804291666667      -0.253771664569411     
   5.46896750000000        2.43176333333333      -0.251860742270240     
   5.46896750000000        2.73548375000000      -0.248832567347762     
   5.46896750000000        3.03920416666667      -0.244771402356212     
   5.46896750000000        3.34292458333333      -0.239752766014088     
   5.46896750000000        3.64664500000000      -0.233872743695703     
   5.46896750000000        3.95036541666667      -0.227288047491517     
   5.46896750000000        4.25408583333333      -0.220211450758786     
   5.46896750000000        4.55780625000000      -0.212863544459352     
   5.46896750000000        4.86152666666667      -0.205433286529544     
   5.46896750000000        5.16524708333333      -0.198078149521952     
   5.46896750000000        5.46896750000000      -0.190944378704445     
   5.46896750000000        5.77268791666667      -0.184166787499091     
   5.46896750000000        6.07640833333333      -0.177832719321213     
   5.46896750000000        6.38012875000000      -0.171985445139912     
   5.46896750000000        6.68384916666667      -0.166615635445199     
   5.46896750000000        6.98756958333333      -0.161590184462349     
   5.46896750000000        7.29129000000000      -0.156743921710977     
   5.77268791666667       2.000000000000000E-003 -0.222514186007134     
   5.77268791666667       0.305720416666667      -0.227453557640697     
   5.77268791666667       0.609440833333333      -0.231696416793543     
   5.77268791666667       0.913161250000000      -0.235064927374714     
   5.77268791666667        1.21688166666667      -0.237348284625223     
   5.77268791666667        1.52060208333333      -0.238550960906318     
   5.77268791666667        1.82432250000000      -0.238826554094977     
   5.77268791666667        2.12804291666667      -0.238282053754796     
   5.77268791666667        2.43176333333333      -0.236962671900896     
   5.77268791666667        2.73548375000000      -0.234863930957455     
   5.77268791666667        3.03920416666667      -0.231915724158980     
   5.77268791666667        3.34292458333333      -0.227989926290197     
   5.77268791666667        3.64664500000000      -0.222996729176152     
   5.77268791666667        3.95036541666667      -0.217039916053981     
   5.77268791666667        4.25408583333333      -0.210439458862846     
   5.77268791666667        4.55780625000000      -0.203581274702469     
   5.77268791666667        4.86152666666667      -0.196786733370388     
   5.77268791666667        5.16524708333333      -0.190275242459778     
   5.77268791666667        5.46896750000000      -0.184166700114715     
   5.77268791666667        5.77268791666667      -0.178486988222686     
   5.77268791666667        6.07640833333333      -0.173186236360392     
   5.77268791666667        6.38012875000000      -0.168239076262648     
   5.77268791666667        6.68384916666667      -0.163591477837942     
   5.77268791666667        6.98756958333333      -0.159119840746684     
   5.77268791666667        7.29129000000000      -0.154655909033414     
   6.07640833333333       2.000000000000000E-003 -0.214137545610881     
   6.07640833333333       0.305720416666667      -0.217624853640558     
   6.07640833333333       0.609440833333333      -0.220875079439021     
   6.07640833333333       0.913161250000000      -0.223536048037769     
   6.07640833333333        1.21688166666667      -0.225085415217243     
   6.07640833333333        1.52060208333333      -0.225575646830691     
   6.07640833333333        1.82432250000000      -0.225334870576186     
   6.07640833333333        2.12804291666667      -0.224689235198360     
   6.07640833333333        2.43176333333333      -0.223701842352525     
   6.07640833333333        2.73548375000000      -0.222315742002139     
   6.07640833333333        3.03920416666667      -0.220361107696274     
   6.07640833333333        3.34292458333333      -0.217462809575349     
   6.07640833333333        3.64664500000000      -0.213164077773254     
   6.07640833333333        3.95036541666667      -0.207543108705434     
   6.07640833333333        4.25408583333333      -0.201186928296759     
   6.07640833333333        4.55780625000000      -0.194744672301945     
   6.07640833333333        4.86152666666667      -0.188601790674675     
   6.07640833333333        5.16524708333333      -0.182949534576488     
   6.07640833333333        5.46896750000000      -0.177832549234182     
   6.07640833333333        5.77268791666667      -0.173186149568248     
   6.07640833333333        6.07640833333333      -0.168862114642982     
   6.07640833333333        6.38012875000000      -0.164767149862250     
   6.07640833333333        6.68384916666667      -0.160854148106315     
   6.07640833333333        6.98756958333333      -0.157046881388988     
   6.07640833333333        7.29129000000000      -0.153082181036627     
   6.38012875000000       2.000000000000000E-003 -0.209067251386518     
   6.38012875000000       0.305720416666667      -0.210040860279146     
   6.38012875000000       0.609440833333333      -0.212108388286466     
   6.38012875000000       0.913161250000000      -0.214069089392877     
   6.38012875000000        1.21688166666667      -0.214746087603251     
   6.38012875000000        1.52060208333333      -0.214391546321498     
   6.38012875000000        1.82432250000000      -0.213525617852787     
   6.38012875000000        2.12804291666667      -0.212588625352190     
   6.38012875000000        2.43176333333333      -0.211750726413569     
   6.38012875000000        2.73548375000000      -0.210969896544321     
   6.38012875000000        3.03920416666667      -0.210057114373291     
   6.38012875000000        3.34292458333333      -0.208147165945922     
   6.38012875000000        3.64664500000000      -0.204436007478145     
   6.38012875000000        3.95036541666667      -0.199030259180136     
   6.38012875000000        4.25408583333333      -0.192786856275987     
   6.38012875000000        4.55780625000000      -0.186665115268611     
   6.38012875000000        4.86152666666667      -0.181148282925690     
   6.38012875000000        5.16524708333333      -0.176250658723037     
   6.38012875000000        5.46896750000000      -0.171985211319823     
   6.38012875000000        5.77268791666667      -0.168238910283149     
   6.38012875000000        6.07640833333333      -0.164767051325695     
   6.38012875000000        6.38012875000000      -0.161418304589033     
   6.38012875000000        6.68384916666667      -0.158177511858257     
   6.38012875000000        6.98756958333333      -0.155183265639326     
   6.38012875000000        7.29129000000000      -0.151996047422157     
   6.68384916666667       2.000000000000000E-003 -0.206019284242772     
   6.68384916666667       0.305720416666667      -0.203290716846069     
   6.68384916666667       0.609440833333333      -0.204877803830899     
   6.68384916666667       0.913161250000000      -0.206081619970403     
   6.68384916666667        1.21688166666667      -0.205631079518301     
   6.68384916666667        1.52060208333333      -0.204376137837161     
   6.68384916666667        1.82432250000000      -0.202912923901108     
   6.68384916666667        2.12804291666667      -0.201646679132899     
   6.68384916666667        2.43176333333333      -0.200867517390999     
   6.68384916666667        2.73548375000000      -0.200587895232457     
   6.68384916666667        3.03920416666667      -0.200609380722126     
   6.68384916666667        3.34292458333333      -0.199674662722673     
   6.68384916666667        3.64664500000000      -0.196562961784647     
   6.68384916666667        3.95036541666667      -0.191468599120729     
   6.68384916666667        4.25408583333333      -0.185477351306645     
   6.68384916666667        4.55780625000000      -0.179571391535902     
   6.68384916666667        4.86152666666667      -0.174515194328881     
   6.68384916666667        5.16524708333333      -0.170187213136127     
   6.68384916666667        5.46896750000000      -0.166615374862382     
   6.68384916666667        5.77268791666667      -0.163591253805381     
   6.68384916666667        6.07640833333333      -0.160853936280273     
   6.68384916666667        6.38012875000000      -0.158177319139678     
   6.68384916666667        6.68384916666667      -0.155426376658111     
   6.68384916666667        6.98756958333333      -0.153148434057260     
   6.68384916666667        7.29129000000000      -0.151224442460835     
   6.98756958333333       2.000000000000000E-003 -0.199754953802022     
   6.98756958333333       0.305720416666667      -0.197636043310940     
   6.98756958333333       0.609440833333333      -0.199031267663937     
   6.98756958333333       0.913161250000000      -0.198448741372737     
   6.98756958333333        1.21688166666667      -0.196824966582637     
   6.98756958333333        1.52060208333333      -0.194937455430755     
   6.98756958333333        1.82432250000000      -0.193134548984384     
   6.98756958333333        2.12804291666667      -0.191691606746895     
   6.98756958333333        2.43176333333333      -0.190903922202171     
   6.98756958333333        2.73548375000000      -0.191031381634240     
   6.98756958333333        3.03920416666667      -0.191789369531613     
   6.98756958333333        3.34292458333333      -0.191711301148824     
   6.98756958333333        3.64664500000000      -0.189329469293843     
   6.98756958333333        3.95036541666667      -0.184808488467976     
   6.98756958333333        4.25408583333333      -0.179323932723692     
   6.98756958333333        4.55780625000000      -0.173558025401462     
   6.98756958333333        4.86152666666667      -0.168609177535797     
   6.98756958333333        5.16524708333333      -0.164679281377161     
   6.98756958333333        5.46896750000000      -0.161589957653142     
   6.98756958333333        5.77268791666667      -0.159119617191150     
   6.98756958333333        6.07640833333333      -0.157046595576789     
   6.98756958333333        6.38012875000000      -0.155182817355098     
   6.98756958333333        6.68384916666667      -0.153147859893879     
   6.98756958333333        6.98756958333333      -0.150801440449959     
   6.98756958333333        7.29129000000000      -0.149453982151340     
   7.29129000000000       2.000000000000000E-003 -0.189287371994425     
   7.29129000000000       0.305720416666667      -0.192390176142731     
   7.29129000000000       0.609440833333333      -0.191242248874312     
   7.29129000000000       0.913161250000000      -0.189529953720942     
   7.29129000000000        1.21688166666667      -0.187664863932515     
   7.29129000000000        1.52060208333333      -0.185783205206436     
   7.29129000000000        1.82432250000000      -0.184028220671878     
   7.29129000000000        2.12804291666667      -0.182629051803195     
   7.29129000000000        2.43176333333333      -0.181933218780494     
   7.29129000000000        2.73548375000000      -0.182302697412301     
   7.29129000000000        3.03920416666667      -0.183409906086456     
   7.29129000000000        3.34292458333333      -0.183794449957767     
   7.29129000000000        3.64664500000000      -0.183215524615951     
   7.29129000000000        3.95036541666667      -0.178931734094718     
   7.29129000000000        4.25408583333333      -0.173907827926909     
   7.29129000000000        4.55780625000000      -0.168172437132131     
   7.29129000000000        4.86152666666667      -0.163234380552827     
   7.29129000000000        5.16524708333333      -0.159501978579786     
   7.29129000000000        5.46896750000000      -0.156743805927484     
   7.29129000000000        5.77268791666667      -0.154655784590015     
   7.29129000000000        6.07640833333333      -0.153081969265689     
   7.29129000000000        6.38012875000000      -0.151995574582938     
   7.29129000000000        6.68384916666667      -0.151223539848984     
   7.29129000000000        6.98756958333333      -0.149453196306427     
   7.29129000000000        7.29129000000000      -0.145521748851937     
