  2.000000000000000E-003  2.000000000000000E-003 -0.304430416900508     
  2.000000000000000E-003  0.305720416666667      -0.302336530979641     
  2.000000000000000E-003  0.609440833333333      -0.291617532558256     
  2.000000000000000E-003  0.913161250000000      -0.283092333239368     
  2.000000000000000E-003   1.21688166666667      -0.273587633726596     
  2.000000000000000E-003   1.52060208333333      -0.263278442127517     
  2.000000000000000E-003   1.82432250000000      -0.253029175650788     
  2.000000000000000E-003   2.12804291666667      -0.243637601565672     
  2.000000000000000E-003   2.43176333333333      -0.235872957501117     
  2.000000000000000E-003   2.73548375000000      -0.230007519788977     
  2.000000000000000E-003   3.03920416666667      -0.225471851889039     
  2.000000000000000E-003   3.34292458333333      -0.220074223468095     
  2.000000000000000E-003   3.64664500000000      -0.213786655217050     
  2.000000000000000E-003   3.95036541666667      -0.203682792683004     
  2.000000000000000E-003   4.25408583333333      -0.193554129350007     
  2.000000000000000E-003   4.55780625000000      -0.184141941006400     
  2.000000000000000E-003   4.86152666666667      -0.176202404331681     
  2.000000000000000E-003   5.16524708333333      -0.169778486751451     
  2.000000000000000E-003   5.46896750000000      -0.164573134402779     
  2.000000000000000E-003   5.77268791666667      -0.160131734051685     
  2.000000000000000E-003   6.07640833333333      -0.156188351609969     
  2.000000000000000E-003   6.38012875000000      -0.152702481599501     
  2.000000000000000E-003   6.68384916666667      -0.149752927330591     
  2.000000000000000E-003   6.98756958333333      -0.146988170460296     
  2.000000000000000E-003   7.29129000000000      -0.143489259320542     
  0.305720416666667       2.000000000000000E-003 -0.338564308846910     
  0.305720416666667       0.305720416666667      -0.327015608765978     
  0.305720416666667       0.609440833333333      -0.312807400601141     
  0.305720416666667       0.913161250000000      -0.303330278643730     
  0.305720416666667        1.21688166666667      -0.292826887485664     
  0.305720416666667        1.52060208333333      -0.281237127688508     
  0.305720416666667        1.82432250000000      -0.269617722104834     
  0.305720416666667        2.12804291666667      -0.258944481951631     
  0.305720416666667        2.43176333333333      -0.250176540163247     
  0.305720416666667        2.73548375000000      -0.243796466318365     
  0.305720416666667        3.03920416666667      -0.239175594608325     
  0.305720416666667        3.34292458333333      -0.233146346518646     
  0.305720416666667        3.64664500000000      -0.221308093395805     
  0.305720416666667        3.95036541666667      -0.207202193144545     
  0.305720416666667        4.25408583333333      -0.196155920773391     
  0.305720416666667        4.55780625000000      -0.187064255837500     
  0.305720416666667        4.86152666666667      -0.179483914716060     
  0.305720416666667        5.16524708333333      -0.173073568252155     
  0.305720416666667        5.46896750000000      -0.167621165912143     
  0.305720416666667        5.77268791666667      -0.162833683995001     
  0.305720416666667        6.07640833333333      -0.158355090649827     
  0.305720416666667        6.38012875000000      -0.153933506315520     
  0.305720416666667        6.68384916666667      -0.149615577610136     
  0.305720416666667        6.98756958333333      -0.147100052272886     
  0.305720416666667        7.29129000000000      -0.146058645726797     
  0.609440833333333       2.000000000000000E-003 -0.363134770352755     
  0.609440833333333       0.305720416666667      -0.353780506241465     
  0.609440833333333       0.609440833333333      -0.338986915544290     
  0.609440833333333       0.913161250000000      -0.326524313529954     
  0.609440833333333        1.21688166666667      -0.314019733454065     
  0.609440833333333        1.52060208333333      -0.300868508379673     
  0.609440833333333        1.82432250000000      -0.287691257315740     
  0.609440833333333        2.12804291666667      -0.275389303826625     
  0.609440833333333        2.43176333333333      -0.264875291539163     
  0.609440833333333        2.73548375000000      -0.256580804608819     
  0.609440833333333        3.03920416666667      -0.249744958515124     
  0.609440833333333        3.34292458333333      -0.241358738396482     
  0.609440833333333        3.64664500000000      -0.228452161160709     
  0.609440833333333        3.95036541666667      -0.213578089619779     
  0.609440833333333        4.25408583333333      -0.201069032010476     
  0.609440833333333        4.55780625000000      -0.191295985963202     
  0.609440833333333        4.86152666666667      -0.183488273201779     
  0.609440833333333        5.16524708333333      -0.176656076687486     
  0.609440833333333        5.46896750000000      -0.170782182770992     
  0.609440833333333        5.77268791666667      -0.165572171144608     
  0.609440833333333        6.07640833333333      -0.160691494856263     
  0.609440833333333        6.38012875000000      -0.156017877831599     
  0.609440833333333        6.68384916666667      -0.151977712454210     
  0.609440833333333        6.98756958333333      -0.149564148963801     
  0.609440833333333        7.29129000000000      -0.146823818200704     
  0.913161250000000       2.000000000000000E-003 -0.379881215719655     
  0.913161250000000       0.305720416666667      -0.375091958759168     
  0.913161250000000       0.609440833333333      -0.364293443455010     
  0.913161250000000       0.913161250000000      -0.351504537525792     
  0.913161250000000        1.21688166666667      -0.337433958946010     
  0.913161250000000        1.52060208333333      -0.322437943985123     
  0.913161250000000        1.82432250000000      -0.307260647578014     
  0.913161250000000        2.12804291666667      -0.292808251138969     
  0.913161250000000        2.43176333333333      -0.279785535518504     
  0.913161250000000        2.73548375000000      -0.268451032161541     
  0.913161250000000        3.03920416666667      -0.258331010366848     
  0.913161250000000        3.34292458333333      -0.247331691346249     
  0.913161250000000        3.64664500000000      -0.234040639339388     
  0.913161250000000        3.95036541666667      -0.219782225213035     
  0.913161250000000        4.25408583333333      -0.207000131834340     
  0.913161250000000        4.55780625000000      -0.196628790201938     
  0.913161250000000        4.86152666666667      -0.188020175643791     
  0.913161250000000        5.16524708333333      -0.180530710859428     
  0.913161250000000        5.46896750000000      -0.174053514003979     
  0.913161250000000        5.77268791666667      -0.168327024925393     
  0.913161250000000        6.07640833333333      -0.163057906804973     
  0.913161250000000        6.38012875000000      -0.158200775588233     
  0.913161250000000        6.68384916666667      -0.153970535317524     
  0.913161250000000        6.98756958333333      -0.150389318000076     
  0.913161250000000        7.29129000000000      -0.146442446829819     
   1.21688166666667       2.000000000000000E-003 -0.408836924575615     
   1.21688166666667       0.305720416666667      -0.405319492068598     
   1.21688166666667       0.609440833333333      -0.395753280555819     
   1.21688166666667       0.913161250000000      -0.381904719686850     
   1.21688166666667        1.21688166666667      -0.365277799042843     
   1.21688166666667        1.52060208333333      -0.347202739969379     
   1.21688166666667        1.82432250000000      -0.328901124432110     
   1.21688166666667        2.12804291666667      -0.311386896220336     
   1.21688166666667        2.43176333333333      -0.295281570583781     
   1.21688166666667        2.73548375000000      -0.280607848221403     
   1.21688166666667        3.03920416666667      -0.266965381292520     
   1.21688166666667        3.34292458333333      -0.253531736860089     
   1.21688166666667        3.64664500000000      -0.239552604019910     
   1.21688166666667        3.95036541666667      -0.225621974831033     
   1.21688166666667        4.25408583333333      -0.212965803279445     
   1.21688166666667        4.55780625000000      -0.202061510405863     
   1.21688166666667        4.86152666666667      -0.192664248882986     
   1.21688166666667        5.16524708333333      -0.184480687353804     
   1.21688166666667        5.46896750000000      -0.177312930998164     
   1.21688166666667        5.77268791666667      -0.170950001944085     
   1.21688166666667        6.07640833333333      -0.165155747845861     
   1.21688166666667        6.38012875000000      -0.159858421588920     
   1.21688166666667        6.68384916666667      -0.155060385524385     
   1.21688166666667        6.98756958333333      -0.150609979019062     
   1.21688166666667        7.29129000000000      -0.146134191692296     
   1.52060208333333       2.000000000000000E-003 -0.460006874168194     
   1.52060208333333       0.305720416666667      -0.455548713978261     
   1.52060208333333       0.609440833333333      -0.442893028885708     
   1.52060208333333       0.913161250000000      -0.424058146571625     
   1.52060208333333        1.21688166666667      -0.401460757103093     
   1.52060208333333        1.52060208333333      -0.377470645509024     
   1.52060208333333        1.82432250000000      -0.353810168764429     
   1.52060208333333        2.12804291666667      -0.331673467107511     
   1.52060208333333        2.43176333333333      -0.311655480817459     
   1.52060208333333        2.73548375000000      -0.293543124398602     
   1.52060208333333        3.03920416666667      -0.276806161136754     
   1.52060208333333        3.34292458333333      -0.260943987285531     
   1.52060208333333        3.64664500000000      -0.245753646246654     
   1.52060208333333        3.95036541666667      -0.231480515784589     
   1.52060208333333        4.25408583333333      -0.218555003008062     
   1.52060208333333        4.55780625000000      -0.207156410873985     
   1.52060208333333        4.86152666666667      -0.197151589468362     
   1.52060208333333        5.16524708333333      -0.188299318621075     
   1.52060208333333        5.46896750000000      -0.180402215424425     
   1.52060208333333        5.77268791666667      -0.173325255175829     
   1.52060208333333        6.07640833333333      -0.166908177439295     
   1.52060208333333        6.38012875000000      -0.161063943315383     
   1.52060208333333        6.68384916666667      -0.155726527815052     
   1.52060208333333        6.98756958333333      -0.150764845814608     
   1.52060208333333        7.29129000000000      -0.146027432750528     
   1.82432250000000       2.000000000000000E-003 -0.543097430191781     
   1.82432250000000       0.305720416666667      -0.535561484904780     
   1.82432250000000       0.609440833333333      -0.514795023378043     
   1.82432250000000       0.913161250000000      -0.484804645401360     
   1.82432250000000        1.21688166666667      -0.450596786877036     
   1.82432250000000        1.52060208333333      -0.415906823360528     
   1.82432250000000        1.82432250000000      -0.383198805090722     
   1.82432250000000        2.12804291666667      -0.354170274958996     
   1.82432250000000        2.43176333333333      -0.328990465046084     
   1.82432250000000        2.73548375000000      -0.306965568379184     
   1.82432250000000        3.03920416666667      -0.287226733710070     
   1.82432250000000        3.34292458333333      -0.269149745622932     
   1.82432250000000        3.64664500000000      -0.252499837578443     
   1.82432250000000        3.95036541666667      -0.237343589874930     
   1.82432250000000        4.25408583333333      -0.223807366117032     
   1.82432250000000        4.55780625000000      -0.211859751995656     
   1.82432250000000        4.86152666666667      -0.201282522925449     
   1.82432250000000        5.16524708333333      -0.191800674215869     
   1.82432250000000        5.46896750000000      -0.183214761035860     
   1.82432250000000        5.77268791666667      -0.175432721340282     
   1.82432250000000        6.07640833333333      -0.168401198296320     
   1.82432250000000        6.38012875000000      -0.162048242268432     
   1.82432250000000        6.68384916666667      -0.156296956540407     
   1.82432250000000        6.98756958333333      -0.151023713764562     
   1.82432250000000        7.29129000000000      -0.146122036062377     
   2.12804291666667       2.000000000000000E-003 -0.672930598264585     
   2.12804291666667       0.305720416666667      -0.659280718643126     
   2.12804291666667       0.609440833333333      -0.622091498371467     
   2.12804291666667       0.913161250000000      -0.571322063158227     
   2.12804291666667        1.21688166666667      -0.516133311092784     
   2.12804291666667        1.52060208333333      -0.463616893449967     
   2.12804291666667        1.82432250000000      -0.417573533381433     
   2.12804291666667        2.12804291666667      -0.378993155301217     
   2.12804291666667        2.43176333333333      -0.347120616863672     
   2.12804291666667        2.73548375000000      -0.320453868134207     
   2.12804291666667        3.03920416666667      -0.297499187023077     
   2.12804291666667        3.34292458333333      -0.277203751622922     
   2.12804291666667        3.64664500000000      -0.259044930476770     
   2.12804291666667        3.95036541666667      -0.242860506704357     
   2.12804291666667        4.25408583333333      -0.228579753750883     
   2.12804291666667        4.55780625000000      -0.216024499940791     
   2.12804291666667        4.86152666666667      -0.204884042470314     
   2.12804291666667        5.16524708333333      -0.194832864029638     
   2.12804291666667        5.46896750000000      -0.185661994889860     
   2.12804291666667        5.77268791666667      -0.177312181306126     
   2.12804291666667        6.07640833333333      -0.169793565827430     
   2.12804291666667        6.38012875000000      -0.163073609804215     
   2.12804291666667        6.68384916666667      -0.157040460179641     
   2.12804291666667        6.98756958333333      -0.151581164889365     
   2.12804291666667        7.29129000000000      -0.146552184057917     
   2.43176333333333       2.000000000000000E-003 -0.875643989420557     
   2.43176333333333       0.305720416666667      -0.848786281234444     
   2.43176333333333       0.609440833333333      -0.777802703695039     
   2.43176333333333       0.913161250000000      -0.687453129955652     
   2.43176333333333        1.21688166666667      -0.598177966960824     
   2.43176333333333        1.52060208333333      -0.520176506848771     
   2.43176333333333        1.82432250000000      -0.456246511809015     
   2.43176333333333        2.12804291666667      -0.405481048022749     
   2.43176333333333        2.43176333333333      -0.365470731571808     
   2.43176333333333        2.73548375000000      -0.333467017245205     
   2.43176333333333        3.03920416666667      -0.307060058956603     
   2.43176333333333        3.34292458333333      -0.284534795159853     
   2.43176333333333        3.64664500000000      -0.264906705610833     
   2.43176333333333        3.95036541666667      -0.247705780986019     
   2.43176333333333        4.25408583333333      -0.232668724214010     
   2.43176333333333        4.55780625000000      -0.219504203710929     
   2.43176333333333        4.86152666666667      -0.207836315816415     
   2.43176333333333        5.16524708333333      -0.197303202506976     
   2.43176333333333        5.46896750000000      -0.187686221547946     
   2.43176333333333        5.77268791666667      -0.178944473954837     
   2.43176333333333        6.07640833333333      -0.171126313451868     
   2.43176333333333        6.38012875000000      -0.164233577041283     
   2.43176333333333        6.68384916666667      -0.158144416636224     
   2.43176333333333        6.98756958333333      -0.152652474992873     
   2.43176333333333        7.29129000000000      -0.147587405758255     
   2.73548375000000       2.000000000000000E-003  -1.15735239503291     
   2.73548375000000       0.305720416666667       -1.11246341641537     
   2.73548375000000       0.609440833333333      -0.992221791613587     
   2.73548375000000       0.913161250000000      -0.837481911139601     
   2.73548375000000        1.21688166666667      -0.695026497018086     
   2.73548375000000        1.52060208333333      -0.582453410365824     
   2.73548375000000        1.82432250000000      -0.496563968861560     
   2.73548375000000        2.12804291666667      -0.431803226854539     
   2.73548375000000        2.43176333333333      -0.382870543009122     
   2.73548375000000        2.73548375000000      -0.345250791527479     
   2.73548375000000        3.03920416666667      -0.315376961024974     
   2.73548375000000        3.34292458333333      -0.290726055501677     
   2.73548375000000        3.64664500000000      -0.269755868674989     
   2.73548375000000        3.95036541666667      -0.251642270506345     
   2.73548375000000        4.25408583333333      -0.235922998960423     
   2.73548375000000        4.55780625000000      -0.222211233385545     
   2.73548375000000        4.86152666666667      -0.210091298465183     
   2.73548375000000        5.16524708333333      -0.199184629978732     
   2.73548375000000        5.46896750000000      -0.189267365761626     
   2.73548375000000        5.77268791666667      -0.180305501940516     
   2.73548375000000        6.07640833333333      -0.172364164589227     
   2.73548375000000        6.38012875000000      -0.165456532370587     
   2.73548375000000        6.68384916666667      -0.159529289493707     
   2.73548375000000        6.98756958333333      -0.154351480233571     
   2.73548375000000        7.29129000000000      -0.149398791548765     
   3.03920416666667       2.000000000000000E-003  -1.47243671309941     
   3.03920416666667       0.305720416666667       -1.41052957546801     
   3.03920416666667       0.609440833333333       -1.23591278392913     
   3.03920416666667       0.913161250000000       -1.00814662354279     
   3.03920416666667        1.21688166666667      -0.797136237881368     
   3.03920416666667        1.52060208333333      -0.642676580315352     
   3.03920416666667        1.82432250000000      -0.533412526908309     
   3.03920416666667        2.12804291666667      -0.454869867475547     
   3.03920416666667        2.43176333333333      -0.397550656658999     
   3.03920416666667        2.73548375000000      -0.354821425127889     
   3.03920416666667        3.03920416666667      -0.321890629949686     
   3.03920416666667        3.34292458333333      -0.295430263034569     
   3.03920416666667        3.64664500000000      -0.273359002549123     
   3.03920416666667        3.95036541666667      -0.254518479575842     
   3.03920416666667        4.25408583333333      -0.238261887901210     
   3.03920416666667        4.55780625000000      -0.224121525220703     
   3.03920416666667        4.86152666666667      -0.211659234029986     
   3.03920416666667        5.16524708333333      -0.200494474357799     
   3.03920416666667        5.46896750000000      -0.190403828249018     
   3.03920416666667        5.77268791666667      -0.181355148425784     
   3.03920416666667        6.07640833333333      -0.173420359272886     
   3.03920416666667        6.38012875000000      -0.166676060369596     
   3.03920416666667        6.68384916666667      -0.161145723366307     
   3.03920416666667        6.98756958333333      -0.156424839231629     
   3.03920416666667        7.29129000000000      -0.151670934030223     
   3.34292458333333       2.000000000000000E-003  -1.71302146305061     
   3.34292458333333       0.305720416666667       -1.64995917221778     
   3.34292458333333       0.609440833333333       -1.44039224784963     
   3.34292458333333       0.913161250000000       -1.14905525781703     
   3.34292458333333        1.21688166666667      -0.881219706001971     
   3.34292458333333        1.52060208333333      -0.688129783019202     
   3.34292458333333        1.82432250000000      -0.559857426798927     
   3.34292458333333        2.12804291666667      -0.470889733338015     
   3.34292458333333        2.43176333333333      -0.407475977248787     
   3.34292458333333        2.73548375000000      -0.361121582464834     
   3.34292458333333        3.03920416666667      -0.326061801056860     
   3.34292458333333        3.34292458333333      -0.298365377557239     
   3.34292458333333        3.64664500000000      -0.275561257423166     
   3.34292458333333        3.95036541666667      -0.256254135159048     
   3.34292458333333        4.25408583333333      -0.239659591154514     
   3.34292458333333        4.55780625000000      -0.225249884183499     
   3.34292458333333        4.86152666666667      -0.212576550187354     
   3.34292458333333        5.16524708333333      -0.201264070567761     
   3.34292458333333        5.46896750000000      -0.191092211801943     
   3.34292458333333        5.77268791666667      -0.182029532846193     
   3.34292458333333        6.07640833333333      -0.174150844115831     
   3.34292458333333        6.38012875000000      -0.167599266812904     
   3.34292458333333        6.68384916666667      -0.162285418464533     
   3.34292458333333        6.98756958333333      -0.157785831080055     
   3.34292458333333        7.29129000000000      -0.153290236513290     
   3.64664500000000       2.000000000000000E-003  -1.88673833670396     
   3.64664500000000       0.305720416666667       -1.74217791320234     
   3.64664500000000       0.609440833333333       -1.52083505489181     
   3.64664500000000       0.913161250000000       -1.20411223305800     
   3.64664500000000        1.21688166666667      -0.913897491042576     
   3.64664500000000        1.52060208333333      -0.705232905015692     
   3.64664500000000        1.82432250000000      -0.569499722224186     
   3.64664500000000        2.12804291666667      -0.476622422062354     
   3.64664500000000        2.43176333333333      -0.410979053074412     
   3.64664500000000        2.73548375000000      -0.363316095747622     
   3.64664500000000        3.03920416666667      -0.327493691950124     
   3.64664500000000        3.34292458333333      -0.299356912442346     
   3.64664500000000        3.64664500000000      -0.276294466296180     
   3.64664500000000        3.95036541666667      -0.256828096220082     
   3.64664500000000        4.25408583333333      -0.240120530344431     
   3.64664500000000        4.55780625000000      -0.225620409780534     
   3.64664500000000        4.86152666666667      -0.212876862589184     
   3.64664500000000        5.16524708333333      -0.201517324750569     
   3.64664500000000        5.46896750000000      -0.191323557690263     
   3.64664500000000        5.77268791666667      -0.182264420423692     
   3.64664500000000        6.07640833333333      -0.174418608871518     
   3.64664500000000        6.38012875000000      -0.167930886583297     
   3.64664500000000        6.68384916666667      -0.162617426511851     
   3.64664500000000        6.98756958333333      -0.158044390438908     
   3.64664500000000        7.29129000000000      -0.154646051369889     
   3.95036541666667       2.000000000000000E-003  -1.71301653909597     
   3.95036541666667       0.305720416666667       -1.64898851971144     
   3.95036541666667       0.609440833333333       -1.43945102844177     
   3.95036541666667       0.913161250000000       -1.14841185850654     
   3.95036541666667        1.21688166666667      -0.880827711642095     
   3.95036541666667        1.52060208333333      -0.687886350592962     
   3.95036541666667        1.82432250000000      -0.559696659562964     
   3.95036541666667        2.12804291666667      -0.470786951186378     
   3.95036541666667        2.43176333333333      -0.407414568627553     
   3.95036541666667        2.73548375000000      -0.361086832009753     
   3.95036541666667        3.03920416666667      -0.326041632643524     
   3.95036541666667        3.34292458333333      -0.298351714866039     
   3.95036541666667        3.64664500000000      -0.275550101564748     
   3.95036541666667        3.95036541666667      -0.256244461053848     
   3.95036541666667        4.25408583333333      -0.239651701209200     
   3.95036541666667        4.55780625000000      -0.225244137222715     
   3.95036541666667        4.86152666666667      -0.212573036840931     
   3.95036541666667        5.16524708333333      -0.201262613869146     
   3.95036541666667        5.46896750000000      -0.191092734525968     
   3.95036541666667        5.77268791666667      -0.182032214356583     
   3.95036541666667        6.07640833333333      -0.174156658723138     
   3.95036541666667        6.38012875000000      -0.167609524444562     
   3.95036541666667        6.68384916666667      -0.162300663133336     
   3.95036541666667        6.98756958333333      -0.157802509373092     
   3.95036541666667        7.29129000000000      -0.153297590749042     
   4.25408583333333       2.000000000000000E-003  -1.47243643124484     
   4.25408583333333       0.305720416666667       -1.40958739672977     
   4.25408583333333       0.609440833333333       -1.23478133033091     
   4.25408583333333       0.913161250000000       -1.00725604813158     
   4.25408583333333        1.21688166666667      -0.796544272572421     
   4.25408583333333        1.52060208333333      -0.642273529639643     
   4.25408583333333        1.82432250000000      -0.533137138376894     
   4.25408583333333        2.12804291666667      -0.454691341417788     
   4.25408583333333        2.43176333333333      -0.397442803090731     
   4.25408583333333        2.73548375000000      -0.354759056383094     
   4.25408583333333        3.03920416666667      -0.321852791310792     
   4.25408583333333        3.34292458333333      -0.295403170761324     
   4.25408583333333        3.64664500000000      -0.273336200573621     
   4.25408583333333        3.95036541666667      -0.254498624912325     
   4.25408583333333        4.25408583333333      -0.238245728249391     
   4.25408583333333        4.55780625000000      -0.224109844411233     
   4.25408583333333        4.86152666666667      -0.211652021919786     
   4.25408583333333        5.16524708333333      -0.200491319126947     
   4.25408583333333        5.46896750000000      -0.190404312084749     
   4.25408583333333        5.77268791666667      -0.181359278775725     
   4.25408583333333        6.07640833333333      -0.173428814652718     
   4.25408583333333        6.38012875000000      -0.166690140221634     
   4.25408583333333        6.68384916666667      -0.161164553986475     
   4.25408583333333        6.98756958333333      -0.156443785702111     
   4.25408583333333        7.29129000000000      -0.151682084173072     
   4.55780625000000       2.000000000000000E-003  -1.15735493226222     
   4.55780625000000       0.305720416666667       -1.11182492274882     
   4.55780625000000       0.609440833333333      -0.991337499781792     
   4.55780625000000       0.913161250000000      -0.836696364386298     
   4.55780625000000        1.21688166666667      -0.694420714777535     
   4.55780625000000        1.52060208333333      -0.582000068541541     
   4.55780625000000        1.82432250000000      -0.496241872239315     
   4.55780625000000        2.12804291666667      -0.431590185120164     
   4.55780625000000        2.43176333333333      -0.382738908258220     
   4.55780625000000        2.73548375000000      -0.345171067635717     
   4.55780625000000        3.03920416666667      -0.315324484417028     
   4.55780625000000        3.34292458333333      -0.290685125466156     
   4.55780625000000        3.64664500000000      -0.269719930297586     
   4.55780625000000        3.95036541666667      -0.251610841321194     
   4.55780625000000        4.25408583333333      -0.235897699559144     
   4.55780625000000        4.55780625000000      -0.222193160877216     
   4.55780625000000        4.86152666666667      -0.210080189828443     
   4.55780625000000        5.16524708333333      -0.199179464236164     
   4.55780625000000        5.46896750000000      -0.189267170641011     
   4.55780625000000        5.77268791666667      -0.180309723924893     
   4.55780625000000        6.07640833333333      -0.172372568658442     
   4.55780625000000        6.38012875000000      -0.165468868272919     
   4.55780625000000        6.68384916666667      -0.159543947701180     
   4.55780625000000        6.98756958333333      -0.154364471556439     
   4.55780625000000        7.29129000000000      -0.149406020012727     
   4.86152666666667       2.000000000000000E-003 -0.875646620722565     
   4.86152666666667       0.305720416666667      -0.848408461109704     
   4.86152666666667       0.609440833333333      -0.777232046928475     
   4.86152666666667       0.913161250000000      -0.686863443758814     
   4.86152666666667        1.21688166666667      -0.597656891588566     
   4.86152666666667        1.52060208333333      -0.519758605180576     
   4.86152666666667        1.82432250000000      -0.455938810838940     
   4.86152666666667        2.12804291666667      -0.405271733676934     
   4.86152666666667        2.43176333333333      -0.365335587493720     
   4.86152666666667        2.73548375000000      -0.333378043928776     
   4.86152666666667        3.03920416666667      -0.306993825870017     
   4.86152666666667        3.34292458333333      -0.284477773505036     
   4.86152666666667        3.64664500000000      -0.264854745521286     
   4.86152666666667        3.95036541666667      -0.247660496233214     
   4.86152666666667        4.25408583333333      -0.232633021235277     
   4.86152666666667        4.55780625000000      -0.219479258829031     
   4.86152666666667        4.86152666666667      -0.207821275295138     
   4.86152666666667        5.16524708333333      -0.197296061250483     
   4.86152666666667        5.46896750000000      -0.187685186068302     
   4.86152666666667        5.77268791666667      -0.178948227660015     
   4.86152666666667        6.07640833333333      -0.171133795895684     
   4.86152666666667        6.38012875000000      -0.164243411550074     
   4.86152666666667        6.68384916666667      -0.158154547948079     
   4.86152666666667        6.98756958333333      -0.152660187024270     
   4.86152666666667        7.29129000000000      -0.147590910351077     
   5.16524708333333       2.000000000000000E-003 -0.672932231691389     
   5.16524708333333       0.305720416666667      -0.659059899457307     
   5.16524708333333       0.609440833333333      -0.621722766879686     
   5.16524708333333       0.913161250000000      -0.570900752705588     
   5.16524708333333        1.21688166666667      -0.515733195251297     
   5.16524708333333        1.52060208333333      -0.463280970919223     
   5.16524708333333        1.82432250000000      -0.417317522543330     
   5.16524708333333        2.12804291666667      -0.378811214007697     
   5.16524708333333        2.43176333333333      -0.346993435352536     
   5.16524708333333        2.73548375000000      -0.320358290920830     
   5.16524708333333        3.03920416666667      -0.297417058129440     
   5.16524708333333        3.34292458333333      -0.277126459439378     
   5.16524708333333        3.64664500000000      -0.258972865309888     
   5.16524708333333        3.95036541666667      -0.242798609864042     
   5.16524708333333        4.25408583333333      -0.228532392929229     
   5.16524708333333        4.55780625000000      -0.215992643344405     
   5.16524708333333        4.86152666666667      -0.204865693158156     
   5.16524708333333        5.16524708333333      -0.194824619586669     
   5.16524708333333        5.46896750000000      -0.185660856194365     
   5.16524708333333        5.77268791666667      -0.177315955436743     
   5.16524708333333        6.07640833333333      -0.169800535872017     
   5.16524708333333        6.38012875000000      -0.163082030791951     
   5.16524708333333        6.68384916666667      -0.157048453805035     
   5.16524708333333        6.98756958333333      -0.151587349906797     
   5.16524708333333        7.29129000000000      -0.146555373799831     
   5.46896750000000       2.000000000000000E-003 -0.543098173099450     
   5.46896750000000       0.305720416666667      -0.535422207238333     
   5.46896750000000       0.609440833333333      -0.514555501476353     
   5.46896750000000       0.913161250000000      -0.484520773419996     
   5.46896750000000        1.21688166666667      -0.450317572696430     
   5.46896750000000        1.52060208333333      -0.415664164858586     
   5.46896750000000        1.82432250000000      -0.383005509508124     
   5.46896750000000        2.12804291666667      -0.354022120444336     
   5.46896750000000        2.43176333333333      -0.328872719116286     
   5.46896750000000        2.73548375000000      -0.306861133861216     
   5.46896750000000        3.03920416666667      -0.287123796905099     
   5.46896750000000        3.34292458333333      -0.269046435052936     
   5.46896750000000        3.64664500000000      -0.252402848922764     
   5.46896750000000        3.95036541666667      -0.237262369506660     
   5.46896750000000        4.25408583333333      -0.223747975792672     
   5.46896750000000        4.55780625000000      -0.211822271610073     
   5.46896750000000        4.86152666666667      -0.201262816910236     
   5.46896750000000        5.16524708333333      -0.191793296533357     
   5.46896750000000        5.46896750000000      -0.183215197333954     
   5.46896750000000        5.77268791666667      -0.175437819255590     
   5.46896750000000        6.07640833333333      -0.168408740357267     
   5.46896750000000        6.38012875000000      -0.162057196790012     
   5.46896750000000        6.68384916666667      -0.156307690259273     
   5.46896750000000        6.98756958333333      -0.151035803833002     
   5.46896750000000        7.29129000000000      -0.146132468449236     
   5.77268791666667       2.000000000000000E-003 -0.460006953222915     
   5.77268791666667       0.305720416666667      -0.455449614446657     
   5.77268791666667       0.609440833333333      -0.442730240359772     
   5.77268791666667       0.913161250000000      -0.423872182112148     
   5.77268791666667        1.21688166666667      -0.401279532067662     
   5.77268791666667        1.52060208333333      -0.377309025401831     
   5.77268791666667        1.82432250000000      -0.353672248992942     
   5.77268791666667        2.12804291666667      -0.331554364001369     
   5.77268791666667        2.43176333333333      -0.311543621437777     
   5.77268791666667        2.73548375000000      -0.293425575549226     
   5.77268791666667        3.03920416666667      -0.276675954910561     
   5.77268791666667        3.34292458333333      -0.260805966749229     
   5.77268791666667        3.64664500000000      -0.245624075098255     
   5.77268791666667        3.95036541666667      -0.231376977238157     
   5.77268791666667        4.25408583333333      -0.218485122039919     
   5.77268791666667        4.55780625000000      -0.207116981652219     
   5.77268791666667        4.86152666666667      -0.197134315387466     
   5.77268791666667        5.16524708333333      -0.188295944936238     
   5.77268791666667        5.46896750000000      -0.180406597419588     
   5.77268791666667        5.77268791666667      -0.173333475104489     
   5.77268791666667        6.07640833333333      -0.166918109681450     
   5.77268791666667        6.38012875000000      -0.161076965941484     
   5.77268791666667        6.68384916666667      -0.155747505116512     
   5.77268791666667        6.98756958333333      -0.150795771386365     
   5.77268791666667        7.29129000000000      -0.146059062348748     
   6.07640833333333       2.000000000000000E-003 -0.408836230331216     
   6.07640833333333       0.305720416666667      -0.405210163580142     
   6.07640833333333       0.609440833333333      -0.395606457351477     
   6.07640833333333       0.913161250000000      -0.381768524081527     
   6.07640833333333        1.21688166666667      -0.365160216786168     
   6.07640833333333        1.52060208333333      -0.347099120820955     
   6.07640833333333        1.82432250000000      -0.328805215405583     
   6.07640833333333        2.12804291666667      -0.311289947203144     
   6.07640833333333        2.43176333333333      -0.295172838103722     
   6.07640833333333        2.73548375000000      -0.280474153220466     
   6.07640833333333        3.03920416666667      -0.266797615186565     
   6.07640833333333        3.34292458333333      -0.253338932042460     
   6.07640833333333        3.64664500000000      -0.239371682190592     
   6.07640833333333        3.95036541666667      -0.225489520615853     
   6.07640833333333        4.25408583333333      -0.212890207640877     
   6.07640833333333        4.55780625000000      -0.202027728616910     
   6.07640833333333        4.86152666666667      -0.192655458690898     
   6.07640833333333        5.16524708333333      -0.184485266318814     
   6.07640833333333        5.46896750000000      -0.177323876101846     
   6.07640833333333        5.77268791666667      -0.170963291896059     
   6.07640833333333        6.07640833333333      -0.165170175380456     
   6.07640833333333        6.38012875000000      -0.159878233959234     
   6.07640833333333        6.68384916666667      -0.155098470547884     
   6.07640833333333        6.98756958333333      -0.150676915987106     
   6.07640833333333        7.29129000000000      -0.146207820692447     
   6.38012875000000       2.000000000000000E-003 -0.379879128646962     
   6.38012875000000       0.305720416666667      -0.374889811523926     
   6.38012875000000       0.609440833333333      -0.364093882198363     
   6.38012875000000       0.913161250000000      -0.351377172873860     
   6.38012875000000        1.21688166666667      -0.337351203296777     
   6.38012875000000        1.52060208333333      -0.322371341227593     
   6.38012875000000        1.82432250000000      -0.307194937124792     
   6.38012875000000        2.12804291666667      -0.292731127067607     
   6.38012875000000        2.43176333333333      -0.279683604787508     
   6.38012875000000        2.73548375000000      -0.268303689867767     
   6.38012875000000        3.03920416666667      -0.258116988835187     
   6.38012875000000        3.34292458333333      -0.247068900452713     
   6.38012875000000        3.64664500000000      -0.233798645707013     
   6.38012875000000        3.95036541666667      -0.219627500175754     
   6.38012875000000        4.25408583333333      -0.206935743407627     
   6.38012875000000        4.55780625000000      -0.196615917185158     
   6.38012875000000        4.86152666666667      -0.188028099725236     
   6.38012875000000        5.16524708333333      -0.180546904913105     
   6.38012875000000        5.46896750000000      -0.174073034330398     
   6.38012875000000        5.77268791666667      -0.168348953837545     
   6.38012875000000        6.07640833333333      -0.163082813936906     
   6.38012875000000        6.38012875000000      -0.158232612820182     
   6.38012875000000        6.68384916666667      -0.154028791114980     
   6.38012875000000        6.98756958333333      -0.150509335096379     
   6.38012875000000        7.29129000000000      -0.146585780189690     
   6.68384916666667       2.000000000000000E-003 -0.363130350283621     
   6.68384916666667       0.305720416666667      -0.353394777588872     
   6.68384916666667       0.609440833333333      -0.338719029064745     
   6.68384916666667       0.913161250000000      -0.326402949415406     
   6.68384916666667        1.21688166666667      -0.313960089500262     
   6.68384916666667        1.52060208333333      -0.300826539392758     
   6.68384916666667        1.82432250000000      -0.287649217283448     
   6.68384916666667        2.12804291666667      -0.275335322019218     
   6.68384916666667        2.43176333333333      -0.264793385228319     
   6.68384916666667        2.73548375000000      -0.256444001951643     
   6.68384916666667        3.03920416666667      -0.249522036074014     
   6.68384916666667        3.34292458333333      -0.241059522494289     
   6.68384916666667        3.64664500000000      -0.228182950616503     
   6.68384916666667        3.95036541666667      -0.213448827977720     
   6.68384916666667        4.25408583333333      -0.201056218835953     
   6.68384916666667        4.55780625000000      -0.191326337055748     
   6.68384916666667        4.86152666666667      -0.183520557164165     
   6.68384916666667        5.16524708333333      -0.176685109205925     
   6.68384916666667        5.46896750000000      -0.170811769901604     
   6.68384916666667        5.77268791666667      -0.165609284930499     
   6.68384916666667        6.07640833333333      -0.160742343496223     
   6.68384916666667        6.38012875000000      -0.156083702886643     
   6.68384916666667        6.68384916666667      -0.152062752867985     
   6.68384916666667        6.98756958333333      -0.149728064223701     
   6.68384916666667        7.29129000000000      -0.147049555023858     
   6.98756958333333       2.000000000000000E-003 -0.338559444877679     
   6.98756958333333       0.305720416666667      -0.326634200006437     
   6.98756958333333       0.609440833333333      -0.312618337769087     
   6.98756958333333       0.913161250000000      -0.303253709279530     
   6.98756958333333        1.21688166666667      -0.292789847533063     
   6.98756958333333        1.52060208333333      -0.281213281317625     
   6.98756958333333        1.82432250000000      -0.269596518580730     
   6.98756958333333        2.12804291666667      -0.258917617056700     
   6.98756958333333        2.43176333333333      -0.250133543656297     
   6.98756958333333        2.73548375000000      -0.243717997821730     
   6.98756958333333        3.03920416666667      -0.239031650597755     
   6.98756958333333        3.34292458333333      -0.232929107763200     
   6.98756958333333        3.64664500000000      -0.221122219965676     
   6.98756958333333        3.95036541666667      -0.207177244859278     
   6.98756958333333        4.25408583333333      -0.196226146913343     
   6.98756958333333        4.55780625000000      -0.187141877184498     
   6.98756958333333        4.86152666666667      -0.179538474350533     
   6.98756958333333        5.16524708333333      -0.173111389101579     
   6.98756958333333        5.46896750000000      -0.167659206979790     
   6.98756958333333        5.77268791666667      -0.162889562962494     
   6.98756958333333        6.07640833333333      -0.158447845986136     
   6.98756958333333        6.38012875000000      -0.154077333151949     
   6.98756958333333        6.68384916666667      -0.149793136106504     
   6.98756958333333        6.98756958333333      -0.147259040622644     
   6.98756958333333        7.29129000000000      -0.146267078235567     
   7.29129000000000       2.000000000000000E-003 -0.304430426101053     
   7.29129000000000       0.305720416666667      -0.302297015261499     
   7.29129000000000       0.609440833333333      -0.291581779349419     
   7.29129000000000       0.913161250000000      -0.283065059754666     
   7.29129000000000        1.21688166666667      -0.273569490143106     
   7.29129000000000        1.52060208333333      -0.263268764093542     
   7.29129000000000        1.82432250000000      -0.253025605527766     
   7.29129000000000        2.12804291666667      -0.243636886134642     
   7.29129000000000        2.43176333333333      -0.235874789388746     
   7.29129000000000        2.73548375000000      -0.230010250023523     
   7.29129000000000        3.03920416666667      -0.225467082533991     
   7.29129000000000        3.34292458333333      -0.220049301418183     
   7.29129000000000        3.64664500000000      -0.213746298431633     
   7.29129000000000        3.95036541666667      -0.203721471989920     
   7.29129000000000        4.25408583333333      -0.193652839644940     
   7.29129000000000        4.55780625000000      -0.184228063961652     
   7.29129000000000        4.86152666666667      -0.176257538187001     
   7.29129000000000        5.16524708333333      -0.169814486414649     
   7.29129000000000        5.46896750000000      -0.164612148791551     
   7.29129000000000        5.77268791666667      -0.160196259242078     
   7.29129000000000        6.07640833333333      -0.156303793294590     
   7.29129000000000        6.38012875000000      -0.152894690993826     
   7.29129000000000        6.68384916666667      -0.150024360719330     
   7.29129000000000        6.98756958333333      -0.147229725377473     
   7.29129000000000        7.29129000000000      -0.143596274836760     
